15 60
9 21
1 1 1 2 7 12 8 17 3 3 2 4 2 7 5 6 8 8 12 11 3 2 11 30 15 27 6 3 4 46 11 50 13 49 4 2 4 2 7 5 6 8 8 12 11 4 1 7 27 5 3 2 10 3 11 9 16 6 3 4 46 11 50 13 49 3 7 1 3 22 8 2 10 10 5 9 9 3 1 27 2 28 6 24 1 1 10 3 6 8 12 5 13 11 1 1 11 2 2 47 9 48 3 2 12 2 1 27 8 30 13 3 9 18 13 19 14 20 3 14 2 7 22 11 20 15 3 7 13 8 11 13 14 17 3 4 21 5 26 7 20 3 14 2 7 22 11 20 16 2 6 15 14 10 17 3 4 21 5 26 7 20 1 1 18 3 4 29 5 30 13 26 1 1 19 2 1 35 2 31 1 1 20 3 5 22 6 18 11 23 1 1 21 3 1 32 7 33 10 28 0 1 1 1 1 1 1 1 1 
0 0 1 1 1 1 0 0 0 
0 0 0 1 1 1 0 0 0 
0 0 0 0 1 1 0 0 0 
0 0 0 0 0 1 0 0 0 
0 0 0 0 0 0 0 0 0 
0 0 0 0 0 0 0 1 1 
0 0 0 0 0 0 0 0 1 
0 0 0 0 0 0 0 0 0 
5 20
1 1 1 1 4 50 7 8 2 2 8 23 15 21 3 1 12 35 4 3 4 11 8 16 7 13 5 2 2 18 11 20 7 2 1 38 3 35 8 2 6 16 15 17 9 1 9 24 11 3 1 15 5 16 8 17 8 2 2 8 23 15 21 3 1 12 35 4 3 4 11 8 16 7 13 5 2 2 18 11 20 7 2 1 38 3 35 8 2 6 16 15 17 10 2 5 23 14 26 11 3 1 15 5 16 8 17 7 2 2 8 23 15 21 3 1 12 35 6 2 4 36 13 33 7 2 1 38 3 35 8 2 6 16 15 17 9 1 9 24 11 3 1 15 5 16 8 17 7 2 2 8 23 15 21 3 1 12 35 6 2 4 36 13 33 7 2 1 38 3 35 8 2 6 16 15 17 10 2 5 23 14 26 11 3 1 15 5 16 8 17 5 12 2 3 43 10 49 13 1 10 44 14 2 13 32 14 31 15 2 10 36 13 38 16 1 14 28 5 12 2 3 43 10 49 13 1 10 44 15 2 10 36 13 38 14 2 13 32 14 31 16 1 14 28 5 12 2 3 43 10 49 15 2 10 36 13 38 13 1 10 44 14 2 13 32 14 31 16 1 14 28 1 1 17 2 2 39 10 34 2 1 18 2 5 18 7 15 1 19 1 11 16 1 1 20 2 3 45 12 48 0 1 0 0 0 
0 0 0 0 0 
0 0 0 1 1 
0 0 0 0 1 
0 0 0 0 0 
14 20
1 1 1 5 5 31 9 27 12 21 13 28 14 23 1 1 2 1 7 21 2 1 3 4 7 21 9 22 10 25 13 20 2 4 2 3 13 15 15 5 5 3 6 6 5 9 7 12 10 13 9 1 1 6 5 1 37 2 33 5 39 6 29 10 32 1 1 7 5 4 7 10 8 11 9 13 5 15 6 2 2 8 5 1 42 4 41 8 39 9 45 12 44 9 3 4 10 7 9 14 14 1 10 5 4 19 5 14 7 15 8 12 14 10 1 1 11 5 3 28 9 24 10 27 11 22 15 20 1 1 12 2 4 45 6 41 1 1 13 1 2 44 1 1 14 4 4 47 5 43 14 44 15 42 1 1 15 5 2 17 5 14 6 20 9 21 14 18 1 1 16 3 2 45 4 42 13 46 2 1 17 5 1 27 3 25 5 23 6 28 15 20 2 18 5 2 10 7 12 9 17 10 16 11 11 19 2 2 9 13 10 1 1 20 4 4 18 6 23 8 21 12 25 0 1 1 1 1 1 1 1 0 0 0 0 0 0 
0 0 1 1 0 0 0 1 0 0 0 0 0 0 
0 0 0 1 0 0 0 1 0 0 0 0 0 0 
0 0 0 0 0 0 0 1 0 0 0 0 0 0 
0 0 0 0 0 1 1 1 0 0 0 0 0 0 
0 0 0 0 0 0 1 1 0 0 0 0 0 0 
0 0 0 0 0 0 0 1 0 0 0 0 0 0 
0 0 0 0 0 0 0 0 0 0 0 0 0 0 
0 0 0 0 0 0 0 0 0 1 1 0 0 0 
0 0 0 0 0 0 0 0 0 0 1 0 0 0 
0 0 0 0 0 0 0 0 0 0 0 0 0 0 
0 0 0 0 0 0 0 0 0 0 0 0 1 1 
0 0 0 0 0 0 0 0 0 0 0 0 0 1 
0 0 0 0 0 0 0 0 0 0 0 0 0 0 
5 21
1 1 1 3 1 43 2 45 11 41 3 4 2 1 7 32 3 3 3 33 6 39 13 35 4 5 4 40 5 43 7 41 9 44 15 49 5 3 1 25 2 30 6 31 9 6 2 6 5 12 10 7 5 3 7 5 5 6 9 11 8 14 10 8 3 5 16 7 19 9 18 9 5 1 12 4 18 9 14 10 9 13 15 10 5 6 19 11 11 12 16 13 20 14 21 11 5 4 31 7 39 8 30 10 33 15 40 15 5 1 8 2 7 4 6 5 9 7 10 16 2 9 5 12 6 17 5 1 21 3 20 8 24 13 19 15 23 7 6 2 6 5 12 10 12 3 5 28 8 27 14 24 13 5 1 50 4 44 7 47 8 49 15 48 14 4 1 17 2 19 8 20 9 21 15 5 1 8 2 7 4 6 5 9 7 10 16 2 9 5 12 6 17 5 1 21 3 20 8 24 13 19 15 23 1 1 18 4 4 26 5 27 10 24 11 18 2 1 19 2 3 19 11 20 1 20 4 7 19 8 20 14 15 15 23 1 1 21 3 2 27 12 29 14 14 0 1 0 0 0 
0 0 0 0 0 
0 0 0 1 1 
0 0 0 0 1 
0 0 0 0 0 
9 22
1 1 1 2 10 46 11 44 4 5 2 2 5 16 10 13 3 1 4 11 4 2 12 13 13 14 5 2 7 11 12 17 7 2 2 23 11 19 3 2 2 5 16 10 13 6 1 13 46 7 2 2 23 11 19 4 8 3 1 20 5 18 9 17 9 2 2 29 12 30 10 2 13 16 15 13 11 1 1 24 4 8 3 1 20 5 18 9 17 10 2 13 16 15 13 9 2 2 29 12 30 11 1 1 24 1 1 12 2 4 21 8 17 1 1 13 1 6 33 2 1 14 3 1 17 3 12 6 14 2 15 2 5 8 8 7 16 2 1 5 8 8 1 1 17 1 2 42 1 1 18 2 2 15 10 18 2 2 19 2 1 6 6 7 20 3 9 5 10 10 11 9 1 21 2 3 15 12 18 1 1 22 3 6 19 11 17 14 20 0 1 1 0 0 0 0 0 0 
0 0 1 0 0 0 0 0 0 
0 0 0 0 0 0 0 0 0 
0 0 0 0 1 1 0 0 0 
0 0 0 0 0 1 0 0 0 
0 0 0 0 0 0 0 0 0 
0 0 0 0 0 0 0 1 1 
0 0 0 0 0 0 0 0 1 
0 0 0 0 0 0 0 0 0 
11 17
1 1 1 2 3 8 8 13 2 2 2 3 5 16 6 12 8 13 3 1 2 21 2 4 3 1 13 5 16 10 18 5 1 9 17 1 1 6 2 5 46 8 47 1 1 7 3 3 44 7 48 13 49 2 1 8 3 5 17 6 14 13 10 1 9 2 8 16 15 13 1 1 10 3 3 28 11 27 15 30 1 1 11 2 10 48 13 50 1 1 12 3 5 31 13 32 15 36 2 1 13 3 3 30 6 28 9 26 2 14 1 2 11 15 2 1 16 14 18 1 1 16 2 4 18 15 19 1 1 17 3 3 36 10 32 14 35 0 1 1 0 0 0 0 0 0 0 0 
0 0 1 0 0 0 0 0 0 0 0 
0 0 0 0 0 0 0 0 0 0 0 
0 0 0 0 1 1 1 0 0 0 0 
0 0 0 0 0 1 1 0 0 0 0 
0 0 0 0 0 0 1 0 0 0 0 
0 0 0 0 0 0 0 0 0 0 0 
0 0 0 0 0 0 0 0 1 1 1 
0 0 0 0 0 0 0 0 0 1 1 
0 0 0 0 0 0 0 0 0 0 1 
0 0 0 0 0 0 0 0 0 0 0 
8 8
1 1 1 2 9 13 14 10 1 1 2 2 11 24 15 18 1 1 3 1 15 43 1 1 4 1 12 43 1 1 5 1 13 30 1 1 6 2 4 32 12 25 1 1 7 3 1 40 5 49 11 39 1 1 8 1 8 47 0 1 1 1 1 1 1 1 
0 0 1 1 1 1 1 1 
0 0 0 1 0 0 1 1 
0 0 0 0 0 0 1 1 
0 0 0 0 0 1 1 1 
0 0 0 0 0 0 1 1 
0 0 0 0 0 0 0 1 
0 0 0 0 0 0 0 0 
11 16
1 1 1 1 2 18 2 3 2 2 8 38 12 30 3 1 9 20 4 2 5 8 11 9 2 5 1 3 29 6 3 2 36 4 33 5 39 1 1 7 2 1 23 10 20 1 1 8 1 6 45 1 1 9 2 3 5 12 9 1 1 10 2 5 39 9 33 1 1 11 2 7 36 11 41 1 1 12 2 14 31 15 29 1 1 13 3 1 28 2 22 6 21 2 1 14 2 10 18 14 28 1 15 1 12 24 1 1 16 2 7 23 9 25 0 1 1 1 1 1 1 1 0 0 0 
0 0 1 1 1 1 1 1 0 0 0 
0 0 0 1 1 1 1 1 0 0 0 
0 0 0 0 1 1 1 1 0 0 0 
0 0 0 0 0 1 1 1 0 0 0 
0 0 0 0 0 0 1 1 0 0 0 
0 0 0 0 0 0 0 1 0 0 0 
0 0 0 0 0 0 0 0 0 0 0 
0 0 0 0 0 0 0 0 0 1 1 
0 0 0 0 0 0 0 0 0 0 1 
0 0 0 0 0 0 0 0 0 0 0 
9 21
1 1 1 2 7 12 8 17 3 3 2 4 2 7 5 6 8 8 12 11 3 2 11 30 15 27 6 3 4 46 11 50 13 49 4 2 4 2 7 5 6 8 8 12 11 4 1 7 27 5 3 2 10 3 11 9 16 6 3 4 46 11 50 13 49 3 7 1 3 22 8 2 10 10 5 9 9 3 1 27 2 28 6 24 1 1 10 3 6 8 12 5 13 11 1 1 11 2 2 47 9 48 3 2 12 2 1 27 8 30 13 3 9 18 13 19 14 20 3 14 2 7 22 11 20 15 3 7 13 8 11 13 14 17 3 4 21 5 26 7 20 3 14 2 7 22 11 20 16 2 6 15 14 10 17 3 4 21 5 26 7 20 1 1 18 3 4 29 5 30 13 26 1 1 19 2 1 35 2 31 1 1 20 3 5 22 6 18 11 23 1 1 21 3 1 32 7 33 10 28 0 1 1 1 1 1 1 1 1 
0 0 1 1 1 1 0 0 0 
0 0 0 1 1 1 0 0 0 
0 0 0 0 1 1 0 0 0 
0 0 0 0 0 1 0 0 0 
0 0 0 0 0 0 0 0 0 
0 0 0 0 0 0 0 1 1 
0 0 0 0 0 0 0 0 1 
0 0 0 0 0 0 0 0 0 
7 11
1 1 1 4 1 34 2 39 3 40 4 33 1 1 2 2 6 27 15 20 1 1 3 2 1 22 13 24 2 3 4 2 10 22 13 20 5 2 4 37 7 35 6 2 5 10 9 12 2 7 3 8 39 12 32 14 36 8 1 12 44 1 1 9 4 2 23 3 24 6 21 9 19 1 1 10 2 3 48 12 45 1 1 11 1 14 17 0 1 0 0 0 0 0 
0 0 0 0 0 0 0 
0 0 0 1 1 1 1 
0 0 0 0 1 1 1 
0 0 0 0 0 1 1 
0 0 0 0 0 0 1 
0 0 0 0 0 0 0 
4 18
1 1 1 5 3 46 4 47 10 44 11 41 13 50 5 7 2 5 5 8 7 5 10 10 12 11 15 9 3 2 2 16 7 12 4 5 1 7 3 5 4 13 6 12 15 8 6 4 1 5 9 4 12 7 15 9 7 4 2 27 8 30 10 33 12 29 8 1 2 40 11 3 10 47 11 49 12 50 8 2 5 5 8 7 5 10 10 12 11 15 9 3 2 2 16 7 12 4 5 1 7 3 5 4 13 6 12 15 8 6 4 1 5 9 4 12 7 15 9 7 4 2 27 8 30 10 33 12 29 9 4 3 23 6 24 7 29 9 21 10 5 1 12 2 14 5 19 9 18 10 17 11 3 10 47 11 49 12 50 6 2 5 5 8 7 5 10 10 12 11 15 9 5 3 6 26 8 24 10 28 6 4 1 5 9 4 12 7 15 9 7 4 2 27 8 30 10 33 12 29 8 1 2 40 11 3 10 47 11 49 12 50 7 2 5 5 8 7 5 10 10 12 11 15 9 5 3 6 26 8 24 10 28 6 4 1 5 9 4 12 7 15 9 7 4 2 27 8 30 10 33 12 29 9 4 3 23 6 24 7 29 9 21 10 5 1 12 2 14 5 19 9 18 10 17 11 3 10 47 11 49 12 50 5 12 3 4 44 6 38 13 41 13 4 1 22 9 21 10 16 12 18 14 5 1 15 4 18 6 13 13 14 14 19 15 4 3 6 4 4 6 5 13 9 16 3 5 15 11 18 14 13 1 1 17 3 8 15 9 16 11 19 1 1 18 2 2 44 15 50 0 1 0 0 
0 0 0 0 
0 0 0 1 
0 0 0 0 
5 21
1 1 1 3 1 43 2 45 11 41 3 4 2 1 7 32 3 3 3 33 6 39 13 35 4 5 4 40 5 43 7 41 9 44 15 49 5 3 1 25 2 30 6 31 9 6 2 6 5 12 10 7 5 3 7 5 5 6 9 11 8 14 10 8 3 5 16 7 19 9 18 9 5 1 12 4 18 9 14 10 9 13 15 10 5 6 19 11 11 12 16 13 20 14 21 11 5 4 31 7 39 8 30 10 33 15 40 15 5 1 8 2 7 4 6 5 9 7 10 16 2 9 5 12 6 17 5 1 21 3 20 8 24 13 19 15 23 7 6 2 6 5 12 10 12 3 5 28 8 27 14 24 13 5 1 50 4 44 7 47 8 49 15 48 14 4 1 17 2 19 8 20 9 21 15 5 1 8 2 7 4 6 5 9 7 10 16 2 9 5 12 6 17 5 1 21 3 20 8 24 13 19 15 23 1 1 18 4 4 26 5 27 10 24 11 18 2 1 19 2 3 19 11 20 1 20 4 7 19 8 20 14 15 15 23 1 1 21 3 2 27 12 29 14 14 0 1 0 0 0 
0 0 0 0 0 
0 0 0 1 1 
0 0 0 0 1 
0 0 0 0 0 
8 8
1 1 1 2 9 13 14 10 1 1 2 2 11 24 15 18 1 1 3 1 15 43 1 1 4 1 12 43 1 1 5 1 13 30 1 1 6 2 4 32 12 25 1 1 7 3 1 40 5 49 11 39 1 1 8 1 8 47 0 1 1 1 1 1 1 1 
0 0 1 1 1 1 1 1 
0 0 0 1 0 0 1 1 
0 0 0 0 0 0 1 1 
0 0 0 0 0 1 1 1 
0 0 0 0 0 0 1 1 
0 0 0 0 0 0 0 1 
0 0 0 0 0 0 0 0 
10 14
1 1 1 3 5 10 8 16 14 13 1 1 2 3 8 6 9 8 15 7 1 1 3 1 4 40 1 1 4 4 6 14 9 10 7 20 12 13 1 1 5 3 1 33 7 40 11 43 1 1 6 2 1 42 5 38 1 1 7 3 6 25 11 33 15 30 1 1 8 2 10 41 15 44 2 3 9 2 2 10 13 12 10 3 11 34 14 24 15 30 11 2 6 38 11 42 2 12 3 4 25 8 26 12 30 13 1 7 39 1 1 14 2 10 37 12 40 0 1 1 1 1 1 0 0 0 0 
0 0 1 0 0 1 0 0 0 0 
0 0 0 0 0 1 0 0 0 0 
0 0 0 0 1 1 0 0 0 0 
0 0 0 0 0 1 0 0 0 0 
0 0 0 0 0 0 0 0 0 0 
0 0 0 0 0 0 0 1 1 1 
0 0 0 0 0 0 0 0 1 1 
0 0 0 0 0 0 0 0 0 1 
0 0 0 0 0 0 0 0 0 0 
11 16
1 1 1 1 2 18 2 3 2 2 8 38 12 30 3 1 9 20 4 2 5 8 11 9 2 5 1 3 29 6 3 2 36 4 33 5 39 1 1 7 2 1 23 10 20 1 1 8 1 6 45 1 1 9 2 3 5 12 9 1 1 10 2 5 39 9 33 1 1 11 2 7 36 11 41 1 1 12 2 14 31 15 29 1 1 13 3 1 28 2 22 6 21 2 1 14 2 10 18 14 28 1 15 1 12 24 1 1 16 2 7 23 9 25 0 1 1 1 1 1 1 1 0 0 0 
0 0 1 1 1 1 1 1 0 0 0 
0 0 0 1 1 1 1 1 0 0 0 
0 0 0 0 1 1 1 1 0 0 0 
0 0 0 0 0 1 1 1 0 0 0 
0 0 0 0 0 0 1 1 0 0 0 
0 0 0 0 0 0 0 1 0 0 0 
0 0 0 0 0 0 0 0 0 0 0 
0 0 0 0 0 0 0 0 0 1 1 
0 0 0 0 0 0 0 0 0 0 1 
0 0 0 0 0 0 0 0 0 0 0 
13 20
1 1 1 3 3 38 4 33 11 36 1 1 2 3 2 22 3 21 6 19 1 1 3 1 5 14 1 1 4 2 5 17 8 20 1 1 5 3 3 36 6 33 11 39 3 4 6 3 2 24 3 20 10 18 7 3 3 21 9 17 15 24 8 1 8 38 9 2 4 19 11 15 4 6 3 2 24 3 20 10 18 7 3 3 21 9 17 15 24 10 3 8 14 10 19 15 17 9 2 4 19 11 15 3 11 4 1 25 4 21 9 19 13 28 12 2 7 42 12 43 13 3 1 48 2 42 6 46 1 1 14 2 7 10 10 14 1 1 15 3 2 14 13 16 14 13 1 1 16 4 1 36 4 33 5 31 8 34 1 1 17 2 1 47 12 44 1 1 18 3 9 30 10 26 13 29 1 1 19 3 1 18 5 19 12 15 1 1 20 2 9 24 11 25 0 1 1 1 0 0 0 0 0 0 0 0 0 
0 0 1 1 0 0 0 0 0 0 0 0 0 
0 0 0 1 0 0 0 0 0 0 0 0 0 
0 0 0 0 0 0 0 0 0 0 0 0 0 
0 0 0 0 0 1 1 0 0 0 0 0 0 
0 0 0 0 0 0 1 0 0 0 0 0 0 
0 0 0 0 0 0 0 0 0 0 0 0 0 
0 0 0 0 0 0 0 0 1 1 1 1 1 
0 0 0 0 0 0 0 0 0 0 0 1 1 
0 0 0 0 0 0 0 0 0 0 1 1 1 
0 0 0 0 0 0 0 0 0 0 0 1 1 
0 0 0 0 0 0 0 0 0 0 0 0 1 
0 0 0 0 0 0 0 0 0 0 0 0 0 
9 21
1 1 1 2 7 12 8 17 3 3 2 4 2 7 5 6 8 8 12 11 3 2 11 30 15 27 6 3 4 46 11 50 13 49 4 2 4 2 7 5 6 8 8 12 11 4 1 7 27 5 3 2 10 3 11 9 16 6 3 4 46 11 50 13 49 3 7 1 3 22 8 2 10 10 5 9 9 3 1 27 2 28 6 24 1 1 10 3 6 8 12 5 13 11 1 1 11 2 2 47 9 48 3 2 12 2 1 27 8 30 13 3 9 18 13 19 14 20 3 14 2 7 22 11 20 15 3 7 13 8 11 13 14 17 3 4 21 5 26 7 20 3 14 2 7 22 11 20 16 2 6 15 14 10 17 3 4 21 5 26 7 20 1 1 18 3 4 29 5 30 13 26 1 1 19 2 1 35 2 31 1 1 20 3 5 22 6 18 11 23 1 1 21 3 1 32 7 33 10 28 0 1 1 1 1 1 1 1 1 
0 0 1 1 1 1 0 0 0 
0 0 0 1 1 1 0 0 0 
0 0 0 0 1 1 0 0 0 
0 0 0 0 0 1 0 0 0 
0 0 0 0 0 0 0 0 0 
0 0 0 0 0 0 0 1 1 
0 0 0 0 0 0 0 0 1 
0 0 0 0 0 0 0 0 0 
5 20
1 1 1 1 4 50 7 8 2 2 8 23 15 21 3 1 12 35 4 3 4 11 8 16 7 13 5 2 2 18 11 20 7 2 1 38 3 35 8 2 6 16 15 17 9 1 9 24 11 3 1 15 5 16 8 17 8 2 2 8 23 15 21 3 1 12 35 4 3 4 11 8 16 7 13 5 2 2 18 11 20 7 2 1 38 3 35 8 2 6 16 15 17 10 2 5 23 14 26 11 3 1 15 5 16 8 17 7 2 2 8 23 15 21 3 1 12 35 6 2 4 36 13 33 7 2 1 38 3 35 8 2 6 16 15 17 9 1 9 24 11 3 1 15 5 16 8 17 7 2 2 8 23 15 21 3 1 12 35 6 2 4 36 13 33 7 2 1 38 3 35 8 2 6 16 15 17 10 2 5 23 14 26 11 3 1 15 5 16 8 17 5 12 2 3 43 10 49 13 1 10 44 14 2 13 32 14 31 15 2 10 36 13 38 16 1 14 28 5 12 2 3 43 10 49 13 1 10 44 15 2 10 36 13 38 14 2 13 32 14 31 16 1 14 28 5 12 2 3 43 10 49 15 2 10 36 13 38 13 1 10 44 14 2 13 32 14 31 16 1 14 28 1 1 17 2 2 39 10 34 2 1 18 2 5 18 7 15 1 19 1 11 16 1 1 20 2 3 45 12 48 0 1 0 0 0 
0 0 0 0 0 
0 0 0 1 1 
0 0 0 0 1 
0 0 0 0 0 
7 11
1 1 1 4 1 34 2 39 3 40 4 33 1 1 2 2 6 27 15 20 1 1 3 2 1 22 13 24 2 3 4 2 10 22 13 20 5 2 4 37 7 35 6 2 5 10 9 12 2 7 3 8 39 12 32 14 36 8 1 12 44 1 1 9 4 2 23 3 24 6 21 9 19 1 1 10 2 3 48 12 45 1 1 11 1 14 17 0 1 0 0 0 0 0 
0 0 0 0 0 0 0 
0 0 0 1 1 1 1 
0 0 0 0 1 1 1 
0 0 0 0 0 1 1 
0 0 0 0 0 0 1 
0 0 0 0 0 0 0 
15 18
1 1 1 2 1 31 11 29 1 1 2 2 8 46 15 44 1 1 3 2 5 5 11 11 1 1 4 1 12 41 1 1 5 1 15 24 1 1 6 2 2 42 13 45 1 1 7 2 8 19 11 15 1 1 8 2 3 18 12 20 1 1 9 2 6 5 14 7 1 1 10 1 4 18 1 1 11 1 7 39 1 1 12 2 6 13 10 7 1 1 13 2 2 26 3 22 2 2 14 3 1 5 8 8 13 9 15 1 9 39 2 16 2 7 10 10 13 17 2 4 41 12 38 1 1 18 3 5 21 9 22 13 19 0 1 1 1 1 1 1 0 0 0 0 0 0 0 0 
0 0 1 1 0 0 1 0 0 0 0 0 0 0 0 
0 0 0 1 0 0 1 0 0 0 0 0 0 0 0 
0 0 0 0 0 0 1 0 0 0 0 0 0 0 0 
0 0 0 0 0 1 1 0 0 0 0 0 0 0 0 
0 0 0 0 0 0 1 0 0 0 0 0 0 0 0 
0 0 0 0 0 0 0 0 0 0 0 0 0 0 0 
0 0 0 0 0 0 0 0 1 1 1 1 0 0 0 
0 0 0 0 0 0 0 0 0 1 1 1 0 0 0 
0 0 0 0 0 0 0 0 0 0 1 1 0 0 0 
0 0 0 0 0 0 0 0 0 0 0 1 0 0 0 
0 0 0 0 0 0 0 0 0 0 0 0 0 0 0 
0 0 0 0 0 0 0 0 0 0 0 0 0 1 1 
0 0 0 0 0 0 0 0 0 0 0 0 0 0 1 
0 0 0 0 0 0 0 0 0 0 0 0 0 0 0 
10 13
1 1 1 2 3 46 9 43 2 2 2 4 1 10 2 17 7 11 12 13 3 3 4 8 7 9 8 10 1 4 2 3 18 6 25 1 1 5 1 4 9 2 1 6 3 3 29 4 27 13 33 1 7 2 5 30 9 29 1 1 8 2 2 9 3 8 1 1 9 3 5 18 12 10 15 19 1 1 10 2 9 28 15 25 1 1 11 3 4 42 14 43 15 47 1 1 12 3 9 35 10 31 14 29 1 1 13 2 6 9 10 7 0 1 1 1 1 0 0 0 0 0 
0 0 1 1 1 0 0 0 0 0 
0 0 0 1 1 0 0 0 0 0 
0 0 0 0 1 0 0 0 0 0 
0 0 0 0 0 0 0 0 0 0 
0 0 0 0 0 0 1 1 1 1 
0 0 0 0 0 0 0 1 0 1 
0 0 0 0 0 0 0 0 0 1 
0 0 0 0 0 0 0 0 0 1 
0 0 0 0 0 0 0 0 0 0 
10 15
1 1 1 2 1 20 11 18 2 1 2 2 12 41 13 43 3 3 1 6 17 4 1 7 8 5 2 2 12 15 15 1 1 6 2 4 48 5 43 1 1 7 1 9 47 2 2 8 2 8 28 12 30 9 2 2 18 8 22 1 10 1 14 50 1 1 11 2 8 6 13 7 1 1 12 2 5 48 7 45 1 1 13 3 1 9 5 10 6 11 1 1 14 3 3 22 6 24 9 21 1 1 15 2 1 42 12 47 0 1 1 0 0 0 0 0 0 0 
0 0 1 0 0 0 0 0 0 0 
0 0 0 0 0 0 0 0 0 0 
0 0 0 0 1 1 0 0 0 0 
0 0 0 0 0 1 0 0 0 0 
0 0 0 0 0 0 0 0 0 0 
0 0 0 0 0 0 0 1 1 1 
0 0 0 0 0 0 0 0 0 1 
0 0 0 0 0 0 0 0 0 1 
0 0 0 0 0 0 0 0 0 0 
9 22
1 1 1 2 10 46 11 44 4 5 2 2 5 16 10 13 3 1 4 11 4 2 12 13 13 14 5 2 7 11 12 17 7 2 2 23 11 19 3 2 2 5 16 10 13 6 1 13 46 7 2 2 23 11 19 4 8 3 1 20 5 18 9 17 9 2 2 29 12 30 10 2 13 16 15 13 11 1 1 24 4 8 3 1 20 5 18 9 17 10 2 13 16 15 13 9 2 2 29 12 30 11 1 1 24 1 1 12 2 4 21 8 17 1 1 13 1 6 33 2 1 14 3 1 17 3 12 6 14 2 15 2 5 8 8 7 16 2 1 5 8 8 1 1 17 1 2 42 1 1 18 2 2 15 10 18 2 2 19 2 1 6 6 7 20 3 9 5 10 10 11 9 1 21 2 3 15 12 18 1 1 22 3 6 19 11 17 14 20 0 1 1 0 0 0 0 0 0 
0 0 1 0 0 0 0 0 0 
0 0 0 0 0 0 0 0 0 
0 0 0 0 1 1 0 0 0 
0 0 0 0 0 1 0 0 0 
0 0 0 0 0 0 0 0 0 
0 0 0 0 0 0 0 1 1 
0 0 0 0 0 0 0 0 1 
0 0 0 0 0 0 0 0 0 
11 17
1 1 1 2 3 8 8 13 2 2 2 3 5 16 6 12 8 13 3 1 2 21 2 4 3 1 13 5 16 10 18 5 1 9 17 1 1 6 2 5 46 8 47 1 1 7 3 3 44 7 48 13 49 2 1 8 3 5 17 6 14 13 10 1 9 2 8 16 15 13 1 1 10 3 3 28 11 27 15 30 1 1 11 2 10 48 13 50 1 1 12 3 5 31 13 32 15 36 2 1 13 3 3 30 6 28 9 26 2 14 1 2 11 15 2 1 16 14 18 1 1 16 2 4 18 15 19 1 1 17 3 3 36 10 32 14 35 0 1 1 0 0 0 0 0 0 0 0 
0 0 1 0 0 0 0 0 0 0 0 
0 0 0 0 0 0 0 0 0 0 0 
0 0 0 0 1 1 1 0 0 0 0 
0 0 0 0 0 1 1 0 0 0 0 
0 0 0 0 0 0 1 0 0 0 0 
0 0 0 0 0 0 0 0 0 0 0 
0 0 0 0 0 0 0 0 1 1 1 
0 0 0 0 0 0 0 0 0 1 1 
0 0 0 0 0 0 0 0 0 0 1 
0 0 0 0 0 0 0 0 0 0 0 
10 14
1 1 1 3 5 10 8 16 14 13 1 1 2 3 8 6 9 8 15 7 1 1 3 1 4 40 1 1 4 4 6 14 9 10 7 20 12 13 1 1 5 3 1 33 7 40 11 43 1 1 6 2 1 42 5 38 1 1 7 3 6 25 11 33 15 30 1 1 8 2 10 41 15 44 2 3 9 2 2 10 13 12 10 3 11 34 14 24 15 30 11 2 6 38 11 42 2 12 3 4 25 8 26 12 30 13 1 7 39 1 1 14 2 10 37 12 40 0 1 1 1 1 1 0 0 0 0 
0 0 1 0 0 1 0 0 0 0 
0 0 0 0 0 1 0 0 0 0 
0 0 0 0 1 1 0 0 0 0 
0 0 0 0 0 1 0 0 0 0 
0 0 0 0 0 0 0 0 0 0 
0 0 0 0 0 0 0 1 1 1 
0 0 0 0 0 0 0 0 1 1 
0 0 0 0 0 0 0 0 0 1 
0 0 0 0 0 0 0 0 0 0 
19 19
1 1 1 3 4 29 7 36 11 34 1 1 2 5 2 35 8 29 11 27 12 30 15 33 1 1 3 5 1 11 6 9 7 8 10 19 14 12 1 1 4 4 2 18 3 20 6 27 7 13 1 1 5 5 2 19 3 24 4 22 5 31 7 37 1 1 6 5 1 13 7 8 10 12 12 9 13 5 1 1 7 4 1 50 5 39 6 44 13 48 1 1 8 2 1 6 12 9 1 1 9 5 3 44 4 36 5 30 13 39 14 33 1 1 10 5 3 39 4 45 7 41 12 50 13 40 1 1 11 3 2 29 4 36 9 33 1 1 12 5 1 19 4 20 9 17 12 16 14 21 1 1 13 3 9 40 14 33 15 35 1 1 14 4 2 11 4 12 6 14 7 15 1 1 15 5 1 10 8 19 12 20 13 17 14 16 1 1 16 2 10 49 15 44 1 1 17 3 10 20 12 33 13 39 1 1 18 5 6 30 7 29 9 40 10 39 13 33 1 1 19 5 3 20 8 29 10 40 14 34 15 31 0 1 1 1 1 1 0 0 0 0 0 0 0 0 0 0 0 0 0 
0 0 1 1 0 0 0 0 0 0 0 0 0 0 0 0 0 0 0 
0 0 0 1 0 0 0 0 0 0 0 0 0 0 0 0 0 0 0 
0 0 0 0 0 0 0 0 0 0 0 0 0 0 0 0 0 0 0 
0 0 0 1 0 1 0 0 0 0 0 0 0 0 0 0 0 0 0 
0 0 0 1 0 0 0 0 0 0 0 0 0 0 0 0 0 0 0 
0 0 0 0 0 0 0 1 1 1 1 1 1 1 1 0 0 0 0 
0 0 0 0 0 0 0 0 1 1 1 1 0 0 0 0 0 0 0 
0 0 0 0 0 0 0 0 0 1 1 1 0 0 0 0 0 0 0 
0 0 0 0 0 0 0 0 0 0 1 1 0 0 0 0 0 0 0 
0 0 0 0 0 0 0 0 0 0 0 1 0 0 0 0 0 0 0 
0 0 0 0 0 0 0 0 0 0 0 0 0 0 0 0 0 0 0 
0 0 0 0 0 0 0 0 0 0 0 1 0 1 1 0 0 0 0 
0 0 0 0 0 0 0 0 0 0 0 1 0 0 1 0 0 0 0 
0 0 0 0 0 0 0 0 0 0 0 1 0 0 0 0 0 0 0 
0 0 0 0 0 0 0 0 0 0 0 0 0 0 0 0 1 1 1 
0 0 0 0 0 0 0 0 0 0 0 0 0 0 0 0 0 1 1 
0 0 0 0 0 0 0 0 0 0 0 0 0 0 0 0 0 0 1 
0 0 0 0 0 0 0 0 0 0 0 0 0 0 0 0 0 0 0 
7 18
1 1 1 4 3 35 4 29 5 36 11 31 3 6 2 5 1 40 3 34 5 44 10 41 15 39 3 2 11 15 15 13 4 5 2 31 6 33 7 29 10 27 14 25 5 4 6 13 12 9 13 8 14 14 6 2 11 28 12 29 9 3 3 41 4 37 13 40 5 2 5 1 40 3 34 5 44 10 41 15 39 3 2 11 15 15 13 7 5 2 31 4 24 10 28 12 26 14 32 8 4 6 34 10 33 11 30 13 29 9 3 3 41 4 37 13 40 4 10 5 1 38 4 29 5 35 8 30 9 31 11 5 6 48 10 50 11 44 14 41 15 47 12 5 6 26 7 32 9 38 12 29 13 30 13 5 6 23 10 20 13 25 14 18 15 22 1 1 14 4 2 14 8 11 10 17 12 13 1 1 15 3 3 27 5 24 13 26 1 1 16 3 4 20 8 19 13 14 1 1 17 5 2 27 3 21 4 28 7 30 14 29 1 1 18 4 3 39 7 34 10 40 14 35 0 1 0 0 0 1 1 
0 0 0 0 0 1 1 
0 0 0 1 1 1 1 
0 0 0 0 1 1 1 
0 0 0 0 0 1 1 
0 0 0 0 0 0 1 
0 0 0 0 0 0 0 
13 20
1 1 1 3 3 38 4 33 11 36 1 1 2 3 2 22 3 21 6 19 1 1 3 1 5 14 1 1 4 2 5 17 8 20 1 1 5 3 3 36 6 33 11 39 3 4 6 3 2 24 3 20 10 18 7 3 3 21 9 17 15 24 8 1 8 38 9 2 4 19 11 15 4 6 3 2 24 3 20 10 18 7 3 3 21 9 17 15 24 10 3 8 14 10 19 15 17 9 2 4 19 11 15 3 11 4 1 25 4 21 9 19 13 28 12 2 7 42 12 43 13 3 1 48 2 42 6 46 1 1 14 2 7 10 10 14 1 1 15 3 2 14 13 16 14 13 1 1 16 4 1 36 4 33 5 31 8 34 1 1 17 2 1 47 12 44 1 1 18 3 9 30 10 26 13 29 1 1 19 3 1 18 5 19 12 15 1 1 20 2 9 24 11 25 0 1 1 1 0 0 0 0 0 0 0 0 0 
0 0 1 1 0 0 0 0 0 0 0 0 0 
0 0 0 1 0 0 0 0 0 0 0 0 0 
0 0 0 0 0 0 0 0 0 0 0 0 0 
0 0 0 0 0 1 1 0 0 0 0 0 0 
0 0 0 0 0 0 1 0 0 0 0 0 0 
0 0 0 0 0 0 0 0 0 0 0 0 0 
0 0 0 0 0 0 0 0 1 1 1 1 1 
0 0 0 0 0 0 0 0 0 0 0 1 1 
0 0 0 0 0 0 0 0 0 0 1 1 1 
0 0 0 0 0 0 0 0 0 0 0 1 1 
0 0 0 0 0 0 0 0 0 0 0 0 1 
0 0 0 0 0 0 0 0 0 0 0 0 0 
9 21
1 1 1 2 7 12 8 17 3 3 2 4 2 7 5 6 8 8 12 11 3 2 11 30 15 27 6 3 4 46 11 50 13 49 4 2 4 2 7 5 6 8 8 12 11 4 1 7 27 5 3 2 10 3 11 9 16 6 3 4 46 11 50 13 49 3 7 1 3 22 8 2 10 10 5 9 9 3 1 27 2 28 6 24 1 1 10 3 6 8 12 5 13 11 1 1 11 2 2 47 9 48 3 2 12 2 1 27 8 30 13 3 9 18 13 19 14 20 3 14 2 7 22 11 20 15 3 7 13 8 11 13 14 17 3 4 21 5 26 7 20 3 14 2 7 22 11 20 16 2 6 15 14 10 17 3 4 21 5 26 7 20 1 1 18 3 4 29 5 30 13 26 1 1 19 2 1 35 2 31 1 1 20 3 5 22 6 18 11 23 1 1 21 3 1 32 7 33 10 28 0 1 1 1 1 1 1 1 1 
0 0 1 1 1 1 0 0 0 
0 0 0 1 1 1 0 0 0 
0 0 0 0 1 1 0 0 0 
0 0 0 0 0 1 0 0 0 
0 0 0 0 0 0 0 0 0 
0 0 0 0 0 0 0 1 1 
0 0 0 0 0 0 0 0 1 
0 0 0 0 0 0 0 0 0 
14 20
1 1 1 5 5 31 9 27 12 21 13 28 14 23 1 1 2 1 7 21 2 1 3 4 7 21 9 22 10 25 13 20 2 4 2 3 13 15 15 5 5 3 6 6 5 9 7 12 10 13 9 1 1 6 5 1 37 2 33 5 39 6 29 10 32 1 1 7 5 4 7 10 8 11 9 13 5 15 6 2 2 8 5 1 42 4 41 8 39 9 45 12 44 9 3 4 10 7 9 14 14 1 10 5 4 19 5 14 7 15 8 12 14 10 1 1 11 5 3 28 9 24 10 27 11 22 15 20 1 1 12 2 4 45 6 41 1 1 13 1 2 44 1 1 14 4 4 47 5 43 14 44 15 42 1 1 15 5 2 17 5 14 6 20 9 21 14 18 1 1 16 3 2 45 4 42 13 46 2 1 17 5 1 27 3 25 5 23 6 28 15 20 2 18 5 2 10 7 12 9 17 10 16 11 11 19 2 2 9 13 10 1 1 20 4 4 18 6 23 8 21 12 25 0 1 1 1 1 1 1 1 0 0 0 0 0 0 
0 0 1 1 0 0 0 1 0 0 0 0 0 0 
0 0 0 1 0 0 0 1 0 0 0 0 0 0 
0 0 0 0 0 0 0 1 0 0 0 0 0 0 
0 0 0 0 0 1 1 1 0 0 0 0 0 0 
0 0 0 0 0 0 1 1 0 0 0 0 0 0 
0 0 0 0 0 0 0 1 0 0 0 0 0 0 
0 0 0 0 0 0 0 0 0 0 0 0 0 0 
0 0 0 0 0 0 0 0 0 1 1 0 0 0 
0 0 0 0 0 0 0 0 0 0 1 0 0 0 
0 0 0 0 0 0 0 0 0 0 0 0 0 0 
0 0 0 0 0 0 0 0 0 0 0 0 1 1 
0 0 0 0 0 0 0 0 0 0 0 0 0 1 
0 0 0 0 0 0 0 0 0 0 0 0 0 0 
7 11
1 1 1 4 1 34 2 39 3 40 4 33 1 1 2 2 6 27 15 20 1 1 3 2 1 22 13 24 2 3 4 2 10 22 13 20 5 2 4 37 7 35 6 2 5 10 9 12 2 7 3 8 39 12 32 14 36 8 1 12 44 1 1 9 4 2 23 3 24 6 21 9 19 1 1 10 2 3 48 12 45 1 1 11 1 14 17 0 1 0 0 0 0 0 
0 0 0 0 0 0 0 
0 0 0 1 1 1 1 
0 0 0 0 1 1 1 
0 0 0 0 0 1 1 
0 0 0 0 0 0 1 
0 0 0 0 0 0 0 
9 9
1 1 1 2 1 38 6 30 1 1 2 4 5 39 8 40 14 36 15 44 1 1 3 5 3 11 5 13 11 9 12 12 13 8 1 1 4 5 5 21 6 23 8 29 13 27 14 25 1 1 5 3 3 33 4 31 6 29 1 1 6 2 2 28 10 27 1 1 7 3 1 40 14 42 15 46 1 1 8 5 2 6 7 8 9 10 11 11 14 7 1 1 9 3 5 40 9 39 13 36 0 1 1 1 1 0 0 0 0 
0 0 1 1 1 0 0 0 0 
0 0 0 1 1 0 0 0 0 
0 0 0 0 1 0 0 0 0 
0 0 0 0 0 0 0 0 0 
0 0 0 0 0 0 1 0 0 
0 0 0 0 0 0 0 0 0 
0 0 0 0 0 0 0 0 1 
0 0 0 0 0 0 0 0 0 
4 18
1 1 1 5 3 46 4 47 10 44 11 41 13 50 5 7 2 5 5 8 7 5 10 10 12 11 15 9 3 2 2 16 7 12 4 5 1 7 3 5 4 13 6 12 15 8 6 4 1 5 9 4 12 7 15 9 7 4 2 27 8 30 10 33 12 29 8 1 2 40 11 3 10 47 11 49 12 50 8 2 5 5 8 7 5 10 10 12 11 15 9 3 2 2 16 7 12 4 5 1 7 3 5 4 13 6 12 15 8 6 4 1 5 9 4 12 7 15 9 7 4 2 27 8 30 10 33 12 29 9 4 3 23 6 24 7 29 9 21 10 5 1 12 2 14 5 19 9 18 10 17 11 3 10 47 11 49 12 50 6 2 5 5 8 7 5 10 10 12 11 15 9 5 3 6 26 8 24 10 28 6 4 1 5 9 4 12 7 15 9 7 4 2 27 8 30 10 33 12 29 8 1 2 40 11 3 10 47 11 49 12 50 7 2 5 5 8 7 5 10 10 12 11 15 9 5 3 6 26 8 24 10 28 6 4 1 5 9 4 12 7 15 9 7 4 2 27 8 30 10 33 12 29 9 4 3 23 6 24 7 29 9 21 10 5 1 12 2 14 5 19 9 18 10 17 11 3 10 47 11 49 12 50 5 12 3 4 44 6 38 13 41 13 4 1 22 9 21 10 16 12 18 14 5 1 15 4 18 6 13 13 14 14 19 15 4 3 6 4 4 6 5 13 9 16 3 5 15 11 18 14 13 1 1 17 3 8 15 9 16 11 19 1 1 18 2 2 44 15 50 0 1 0 0 
0 0 0 0 
0 0 0 1 
0 0 0 0 
10 13
1 1 1 2 3 46 9 43 2 2 2 4 1 10 2 17 7 11 12 13 3 3 4 8 7 9 8 10 1 4 2 3 18 6 25 1 1 5 1 4 9 2 1 6 3 3 29 4 27 13 33 1 7 2 5 30 9 29 1 1 8 2 2 9 3 8 1 1 9 3 5 18 12 10 15 19 1 1 10 2 9 28 15 25 1 1 11 3 4 42 14 43 15 47 1 1 12 3 9 35 10 31 14 29 1 1 13 2 6 9 10 7 0 1 1 1 1 0 0 0 0 0 
0 0 1 1 1 0 0 0 0 0 
0 0 0 1 1 0 0 0 0 0 
0 0 0 0 1 0 0 0 0 0 
0 0 0 0 0 0 0 0 0 0 
0 0 0 0 0 0 1 1 1 1 
0 0 0 0 0 0 0 1 0 1 
0 0 0 0 0 0 0 0 0 1 
0 0 0 0 0 0 0 0 0 1 
0 0 0 0 0 0 0 0 0 0 
5 21
1 1 1 3 1 43 2 45 11 41 3 4 2 1 7 32 3 3 3 33 6 39 13 35 4 5 4 40 5 43 7 41 9 44 15 49 5 3 1 25 2 30 6 31 9 6 2 6 5 12 10 7 5 3 7 5 5 6 9 11 8 14 10 8 3 5 16 7 19 9 18 9 5 1 12 4 18 9 14 10 9 13 15 10 5 6 19 11 11 12 16 13 20 14 21 11 5 4 31 7 39 8 30 10 33 15 40 15 5 1 8 2 7 4 6 5 9 7 10 16 2 9 5 12 6 17 5 1 21 3 20 8 24 13 19 15 23 7 6 2 6 5 12 10 12 3 5 28 8 27 14 24 13 5 1 50 4 44 7 47 8 49 15 48 14 4 1 17 2 19 8 20 9 21 15 5 1 8 2 7 4 6 5 9 7 10 16 2 9 5 12 6 17 5 1 21 3 20 8 24 13 19 15 23 1 1 18 4 4 26 5 27 10 24 11 18 2 1 19 2 3 19 11 20 1 20 4 7 19 8 20 14 15 15 23 1 1 21 3 2 27 12 29 14 14 0 1 0 0 0 
0 0 0 0 0 
0 0 0 1 1 
0 0 0 0 1 
0 0 0 0 0 
11 17
1 1 1 2 3 8 8 13 2 2 2 3 5 16 6 12 8 13 3 1 2 21 2 4 3 1 13 5 16 10 18 5 1 9 17 1 1 6 2 5 46 8 47 1 1 7 3 3 44 7 48 13 49 2 1 8 3 5 17 6 14 13 10 1 9 2 8 16 15 13 1 1 10 3 3 28 11 27 15 30 1 1 11 2 10 48 13 50 1 1 12 3 5 31 13 32 15 36 2 1 13 3 3 30 6 28 9 26 2 14 1 2 11 15 2 1 16 14 18 1 1 16 2 4 18 15 19 1 1 17 3 3 36 10 32 14 35 0 1 1 0 0 0 0 0 0 0 0 
0 0 1 0 0 0 0 0 0 0 0 
0 0 0 0 0 0 0 0 0 0 0 
0 0 0 0 1 1 1 0 0 0 0 
0 0 0 0 0 1 1 0 0 0 0 
0 0 0 0 0 0 1 0 0 0 0 
0 0 0 0 0 0 0 0 0 0 0 
0 0 0 0 0 0 0 0 1 1 1 
0 0 0 0 0 0 0 0 0 1 1 
0 0 0 0 0 0 0 0 0 0 1 
0 0 0 0 0 0 0 0 0 0 0 
8 8
1 1 1 2 9 13 14 10 1 1 2 2 11 24 15 18 1 1 3 1 15 43 1 1 4 1 12 43 1 1 5 1 13 30 1 1 6 2 4 32 12 25 1 1 7 3 1 40 5 49 11 39 1 1 8 1 8 47 0 1 1 1 1 1 1 1 
0 0 1 1 1 1 1 1 
0 0 0 1 0 0 1 1 
0 0 0 0 0 0 1 1 
0 0 0 0 0 1 1 1 
0 0 0 0 0 0 1 1 
0 0 0 0 0 0 0 1 
0 0 0 0 0 0 0 0 
10 14
1 1 1 3 5 10 8 16 14 13 1 1 2 3 8 6 9 8 15 7 1 1 3 1 4 40 1 1 4 4 6 14 9 10 7 20 12 13 1 1 5 3 1 33 7 40 11 43 1 1 6 2 1 42 5 38 1 1 7 3 6 25 11 33 15 30 1 1 8 2 10 41 15 44 2 3 9 2 2 10 13 12 10 3 11 34 14 24 15 30 11 2 6 38 11 42 2 12 3 4 25 8 26 12 30 13 1 7 39 1 1 14 2 10 37 12 40 0 1 1 1 1 1 0 0 0 0 
0 0 1 0 0 1 0 0 0 0 
0 0 0 0 0 1 0 0 0 0 
0 0 0 0 1 1 0 0 0 0 
0 0 0 0 0 1 0 0 0 0 
0 0 0 0 0 0 0 0 0 0 
0 0 0 0 0 0 0 1 1 1 
0 0 0 0 0 0 0 0 1 1 
0 0 0 0 0 0 0 0 0 1 
0 0 0 0 0 0 0 0 0 0 
11 16
1 1 1 1 2 18 2 3 2 2 8 38 12 30 3 1 9 20 4 2 5 8 11 9 2 5 1 3 29 6 3 2 36 4 33 5 39 1 1 7 2 1 23 10 20 1 1 8 1 6 45 1 1 9 2 3 5 12 9 1 1 10 2 5 39 9 33 1 1 11 2 7 36 11 41 1 1 12 2 14 31 15 29 1 1 13 3 1 28 2 22 6 21 2 1 14 2 10 18 14 28 1 15 1 12 24 1 1 16 2 7 23 9 25 0 1 1 1 1 1 1 1 0 0 0 
0 0 1 1 1 1 1 1 0 0 0 
0 0 0 1 1 1 1 1 0 0 0 
0 0 0 0 1 1 1 1 0 0 0 
0 0 0 0 0 1 1 1 0 0 0 
0 0 0 0 0 0 1 1 0 0 0 
0 0 0 0 0 0 0 1 0 0 0 
0 0 0 0 0 0 0 0 0 0 0 
0 0 0 0 0 0 0 0 0 1 1 
0 0 0 0 0 0 0 0 0 0 1 
0 0 0 0 0 0 0 0 0 0 0 
13 20
1 1 1 3 3 38 4 33 11 36 1 1 2 3 2 22 3 21 6 19 1 1 3 1 5 14 1 1 4 2 5 17 8 20 1 1 5 3 3 36 6 33 11 39 3 4 6 3 2 24 3 20 10 18 7 3 3 21 9 17 15 24 8 1 8 38 9 2 4 19 11 15 4 6 3 2 24 3 20 10 18 7 3 3 21 9 17 15 24 10 3 8 14 10 19 15 17 9 2 4 19 11 15 3 11 4 1 25 4 21 9 19 13 28 12 2 7 42 12 43 13 3 1 48 2 42 6 46 1 1 14 2 7 10 10 14 1 1 15 3 2 14 13 16 14 13 1 1 16 4 1 36 4 33 5 31 8 34 1 1 17 2 1 47 12 44 1 1 18 3 9 30 10 26 13 29 1 1 19 3 1 18 5 19 12 15 1 1 20 2 9 24 11 25 0 1 1 1 0 0 0 0 0 0 0 0 0 
0 0 1 1 0 0 0 0 0 0 0 0 0 
0 0 0 1 0 0 0 0 0 0 0 0 0 
0 0 0 0 0 0 0 0 0 0 0 0 0 
0 0 0 0 0 1 1 0 0 0 0 0 0 
0 0 0 0 0 0 1 0 0 0 0 0 0 
0 0 0 0 0 0 0 0 0 0 0 0 0 
0 0 0 0 0 0 0 0 1 1 1 1 1 
0 0 0 0 0 0 0 0 0 0 0 1 1 
0 0 0 0 0 0 0 0 0 0 1 1 1 
0 0 0 0 0 0 0 0 0 0 0 1 1 
0 0 0 0 0 0 0 0 0 0 0 0 1 
0 0 0 0 0 0 0 0 0 0 0 0 0 
9 21
1 1 1 2 7 12 8 17 3 3 2 4 2 7 5 6 8 8 12 11 3 2 11 30 15 27 6 3 4 46 11 50 13 49 4 2 4 2 7 5 6 8 8 12 11 4 1 7 27 5 3 2 10 3 11 9 16 6 3 4 46 11 50 13 49 3 7 1 3 22 8 2 10 10 5 9 9 3 1 27 2 28 6 24 1 1 10 3 6 8 12 5 13 11 1 1 11 2 2 47 9 48 3 2 12 2 1 27 8 30 13 3 9 18 13 19 14 20 3 14 2 7 22 11 20 15 3 7 13 8 11 13 14 17 3 4 21 5 26 7 20 3 14 2 7 22 11 20 16 2 6 15 14 10 17 3 4 21 5 26 7 20 1 1 18 3 4 29 5 30 13 26 1 1 19 2 1 35 2 31 1 1 20 3 5 22 6 18 11 23 1 1 21 3 1 32 7 33 10 28 0 1 1 1 1 1 1 1 1 
0 0 1 1 1 1 0 0 0 
0 0 0 1 1 1 0 0 0 
0 0 0 0 1 1 0 0 0 
0 0 0 0 0 1 0 0 0 
0 0 0 0 0 0 0 0 0 
0 0 0 0 0 0 0 1 1 
0 0 0 0 0 0 0 0 1 
0 0 0 0 0 0 0 0 0 
5 20
1 1 1 1 4 50 7 8 2 2 8 23 15 21 3 1 12 35 4 3 4 11 8 16 7 13 5 2 2 18 11 20 7 2 1 38 3 35 8 2 6 16 15 17 9 1 9 24 11 3 1 15 5 16 8 17 8 2 2 8 23 15 21 3 1 12 35 4 3 4 11 8 16 7 13 5 2 2 18 11 20 7 2 1 38 3 35 8 2 6 16 15 17 10 2 5 23 14 26 11 3 1 15 5 16 8 17 7 2 2 8 23 15 21 3 1 12 35 6 2 4 36 13 33 7 2 1 38 3 35 8 2 6 16 15 17 9 1 9 24 11 3 1 15 5 16 8 17 7 2 2 8 23 15 21 3 1 12 35 6 2 4 36 13 33 7 2 1 38 3 35 8 2 6 16 15 17 10 2 5 23 14 26 11 3 1 15 5 16 8 17 5 12 2 3 43 10 49 13 1 10 44 14 2 13 32 14 31 15 2 10 36 13 38 16 1 14 28 5 12 2 3 43 10 49 13 1 10 44 15 2 10 36 13 38 14 2 13 32 14 31 16 1 14 28 5 12 2 3 43 10 49 15 2 10 36 13 38 13 1 10 44 14 2 13 32 14 31 16 1 14 28 1 1 17 2 2 39 10 34 2 1 18 2 5 18 7 15 1 19 1 11 16 1 1 20 2 3 45 12 48 0 1 0 0 0 
0 0 0 0 0 
0 0 0 1 1 
0 0 0 0 1 
0 0 0 0 0 
7 11
1 1 1 4 1 34 2 39 3 40 4 33 1 1 2 2 6 27 15 20 1 1 3 2 1 22 13 24 2 3 4 2 10 22 13 20 5 2 4 37 7 35 6 2 5 10 9 12 2 7 3 8 39 12 32 14 36 8 1 12 44 1 1 9 4 2 23 3 24 6 21 9 19 1 1 10 2 3 48 12 45 1 1 11 1 14 17 0 1 0 0 0 0 0 
0 0 0 0 0 0 0 
0 0 0 1 1 1 1 
0 0 0 0 1 1 1 
0 0 0 0 0 1 1 
0 0 0 0 0 0 1 
0 0 0 0 0 0 0 
15 18
1 1 1 2 1 31 11 29 1 1 2 2 8 46 15 44 1 1 3 2 5 5 11 11 1 1 4 1 12 41 1 1 5 1 15 24 1 1 6 2 2 42 13 45 1 1 7 2 8 19 11 15 1 1 8 2 3 18 12 20 1 1 9 2 6 5 14 7 1 1 10 1 4 18 1 1 11 1 7 39 1 1 12 2 6 13 10 7 1 1 13 2 2 26 3 22 2 2 14 3 1 5 8 8 13 9 15 1 9 39 2 16 2 7 10 10 13 17 2 4 41 12 38 1 1 18 3 5 21 9 22 13 19 0 1 1 1 1 1 1 0 0 0 0 0 0 0 0 
0 0 1 1 0 0 1 0 0 0 0 0 0 0 0 
0 0 0 1 0 0 1 0 0 0 0 0 0 0 0 
0 0 0 0 0 0 1 0 0 0 0 0 0 0 0 
0 0 0 0 0 1 1 0 0 0 0 0 0 0 0 
0 0 0 0 0 0 1 0 0 0 0 0 0 0 0 
0 0 0 0 0 0 0 0 0 0 0 0 0 0 0 
0 0 0 0 0 0 0 0 1 1 1 1 0 0 0 
0 0 0 0 0 0 0 0 0 1 1 1 0 0 0 
0 0 0 0 0 0 0 0 0 0 1 1 0 0 0 
0 0 0 0 0 0 0 0 0 0 0 1 0 0 0 
0 0 0 0 0 0 0 0 0 0 0 0 0 0 0 
0 0 0 0 0 0 0 0 0 0 0 0 0 1 1 
0 0 0 0 0 0 0 0 0 0 0 0 0 0 1 
0 0 0 0 0 0 0 0 0 0 0 0 0 0 0 
10 13
1 1 1 2 3 46 9 43 2 2 2 4 1 10 2 17 7 11 12 13 3 3 4 8 7 9 8 10 1 4 2 3 18 6 25 1 1 5 1 4 9 2 1 6 3 3 29 4 27 13 33 1 7 2 5 30 9 29 1 1 8 2 2 9 3 8 1 1 9 3 5 18 12 10 15 19 1 1 10 2 9 28 15 25 1 1 11 3 4 42 14 43 15 47 1 1 12 3 9 35 10 31 14 29 1 1 13 2 6 9 10 7 0 1 1 1 1 0 0 0 0 0 
0 0 1 1 1 0 0 0 0 0 
0 0 0 1 1 0 0 0 0 0 
0 0 0 0 1 0 0 0 0 0 
0 0 0 0 0 0 0 0 0 0 
0 0 0 0 0 0 1 1 1 1 
0 0 0 0 0 0 0 1 0 1 
0 0 0 0 0 0 0 0 0 1 
0 0 0 0 0 0 0 0 0 1 
0 0 0 0 0 0 0 0 0 0 
10 15
1 1 1 2 1 20 11 18 2 1 2 2 12 41 13 43 3 3 1 6 17 4 1 7 8 5 2 2 12 15 15 1 1 6 2 4 48 5 43 1 1 7 1 9 47 2 2 8 2 8 28 12 30 9 2 2 18 8 22 1 10 1 14 50 1 1 11 2 8 6 13 7 1 1 12 2 5 48 7 45 1 1 13 3 1 9 5 10 6 11 1 1 14 3 3 22 6 24 9 21 1 1 15 2 1 42 12 47 0 1 1 0 0 0 0 0 0 0 
0 0 1 0 0 0 0 0 0 0 
0 0 0 0 0 0 0 0 0 0 
0 0 0 0 1 1 0 0 0 0 
0 0 0 0 0 1 0 0 0 0 
0 0 0 0 0 0 0 0 0 0 
0 0 0 0 0 0 0 1 1 1 
0 0 0 0 0 0 0 0 0 1 
0 0 0 0 0 0 0 0 0 1 
0 0 0 0 0 0 0 0 0 0 
9 22
1 1 1 2 10 46 11 44 4 5 2 2 5 16 10 13 3 1 4 11 4 2 12 13 13 14 5 2 7 11 12 17 7 2 2 23 11 19 3 2 2 5 16 10 13 6 1 13 46 7 2 2 23 11 19 4 8 3 1 20 5 18 9 17 9 2 2 29 12 30 10 2 13 16 15 13 11 1 1 24 4 8 3 1 20 5 18 9 17 10 2 13 16 15 13 9 2 2 29 12 30 11 1 1 24 1 1 12 2 4 21 8 17 1 1 13 1 6 33 2 1 14 3 1 17 3 12 6 14 2 15 2 5 8 8 7 16 2 1 5 8 8 1 1 17 1 2 42 1 1 18 2 2 15 10 18 2 2 19 2 1 6 6 7 20 3 9 5 10 10 11 9 1 21 2 3 15 12 18 1 1 22 3 6 19 11 17 14 20 0 1 1 0 0 0 0 0 0 
0 0 1 0 0 0 0 0 0 
0 0 0 0 0 0 0 0 0 
0 0 0 0 1 1 0 0 0 
0 0 0 0 0 1 0 0 0 
0 0 0 0 0 0 0 0 0 
0 0 0 0 0 0 0 1 1 
0 0 0 0 0 0 0 0 1 
0 0 0 0 0 0 0 0 0 
11 17
1 1 1 2 3 8 8 13 2 2 2 3 5 16 6 12 8 13 3 1 2 21 2 4 3 1 13 5 16 10 18 5 1 9 17 1 1 6 2 5 46 8 47 1 1 7 3 3 44 7 48 13 49 2 1 8 3 5 17 6 14 13 10 1 9 2 8 16 15 13 1 1 10 3 3 28 11 27 15 30 1 1 11 2 10 48 13 50 1 1 12 3 5 31 13 32 15 36 2 1 13 3 3 30 6 28 9 26 2 14 1 2 11 15 2 1 16 14 18 1 1 16 2 4 18 15 19 1 1 17 3 3 36 10 32 14 35 0 1 1 0 0 0 0 0 0 0 0 
0 0 1 0 0 0 0 0 0 0 0 
0 0 0 0 0 0 0 0 0 0 0 
0 0 0 0 1 1 1 0 0 0 0 
0 0 0 0 0 1 1 0 0 0 0 
0 0 0 0 0 0 1 0 0 0 0 
0 0 0 0 0 0 0 0 0 0 0 
0 0 0 0 0 0 0 0 1 1 1 
0 0 0 0 0 0 0 0 0 1 1 
0 0 0 0 0 0 0 0 0 0 1 
0 0 0 0 0 0 0 0 0 0 0 
10 14
1 1 1 3 5 10 8 16 14 13 1 1 2 3 8 6 9 8 15 7 1 1 3 1 4 40 1 1 4 4 6 14 9 10 7 20 12 13 1 1 5 3 1 33 7 40 11 43 1 1 6 2 1 42 5 38 1 1 7 3 6 25 11 33 15 30 1 1 8 2 10 41 15 44 2 3 9 2 2 10 13 12 10 3 11 34 14 24 15 30 11 2 6 38 11 42 2 12 3 4 25 8 26 12 30 13 1 7 39 1 1 14 2 10 37 12 40 0 1 1 1 1 1 0 0 0 0 
0 0 1 0 0 1 0 0 0 0 
0 0 0 0 0 1 0 0 0 0 
0 0 0 0 1 1 0 0 0 0 
0 0 0 0 0 1 0 0 0 0 
0 0 0 0 0 0 0 0 0 0 
0 0 0 0 0 0 0 1 1 1 
0 0 0 0 0 0 0 0 1 1 
0 0 0 0 0 0 0 0 0 1 
0 0 0 0 0 0 0 0 0 0 
19 19
1 1 1 3 4 29 7 36 11 34 1 1 2 5 2 35 8 29 11 27 12 30 15 33 1 1 3 5 1 11 6 9 7 8 10 19 14 12 1 1 4 4 2 18 3 20 6 27 7 13 1 1 5 5 2 19 3 24 4 22 5 31 7 37 1 1 6 5 1 13 7 8 10 12 12 9 13 5 1 1 7 4 1 50 5 39 6 44 13 48 1 1 8 2 1 6 12 9 1 1 9 5 3 44 4 36 5 30 13 39 14 33 1 1 10 5 3 39 4 45 7 41 12 50 13 40 1 1 11 3 2 29 4 36 9 33 1 1 12 5 1 19 4 20 9 17 12 16 14 21 1 1 13 3 9 40 14 33 15 35 1 1 14 4 2 11 4 12 6 14 7 15 1 1 15 5 1 10 8 19 12 20 13 17 14 16 1 1 16 2 10 49 15 44 1 1 17 3 10 20 12 33 13 39 1 1 18 5 6 30 7 29 9 40 10 39 13 33 1 1 19 5 3 20 8 29 10 40 14 34 15 31 0 1 1 1 1 1 0 0 0 0 0 0 0 0 0 0 0 0 0 
0 0 1 1 0 0 0 0 0 0 0 0 0 0 0 0 0 0 0 
0 0 0 1 0 0 0 0 0 0 0 0 0 0 0 0 0 0 0 
0 0 0 0 0 0 0 0 0 0 0 0 0 0 0 0 0 0 0 
0 0 0 1 0 1 0 0 0 0 0 0 0 0 0 0 0 0 0 
0 0 0 1 0 0 0 0 0 0 0 0 0 0 0 0 0 0 0 
0 0 0 0 0 0 0 1 1 1 1 1 1 1 1 0 0 0 0 
0 0 0 0 0 0 0 0 1 1 1 1 0 0 0 0 0 0 0 
0 0 0 0 0 0 0 0 0 1 1 1 0 0 0 0 0 0 0 
0 0 0 0 0 0 0 0 0 0 1 1 0 0 0 0 0 0 0 
0 0 0 0 0 0 0 0 0 0 0 1 0 0 0 0 0 0 0 
0 0 0 0 0 0 0 0 0 0 0 0 0 0 0 0 0 0 0 
0 0 0 0 0 0 0 0 0 0 0 1 0 1 1 0 0 0 0 
0 0 0 0 0 0 0 0 0 0 0 1 0 0 1 0 0 0 0 
0 0 0 0 0 0 0 0 0 0 0 1 0 0 0 0 0 0 0 
0 0 0 0 0 0 0 0 0 0 0 0 0 0 0 0 1 1 1 
0 0 0 0 0 0 0 0 0 0 0 0 0 0 0 0 0 1 1 
0 0 0 0 0 0 0 0 0 0 0 0 0 0 0 0 0 0 1 
0 0 0 0 0 0 0 0 0 0 0 0 0 0 0 0 0 0 0 
7 18
1 1 1 4 3 35 4 29 5 36 11 31 3 6 2 5 1 40 3 34 5 44 10 41 15 39 3 2 11 15 15 13 4 5 2 31 6 33 7 29 10 27 14 25 5 4 6 13 12 9 13 8 14 14 6 2 11 28 12 29 9 3 3 41 4 37 13 40 5 2 5 1 40 3 34 5 44 10 41 15 39 3 2 11 15 15 13 7 5 2 31 4 24 10 28 12 26 14 32 8 4 6 34 10 33 11 30 13 29 9 3 3 41 4 37 13 40 4 10 5 1 38 4 29 5 35 8 30 9 31 11 5 6 48 10 50 11 44 14 41 15 47 12 5 6 26 7 32 9 38 12 29 13 30 13 5 6 23 10 20 13 25 14 18 15 22 1 1 14 4 2 14 8 11 10 17 12 13 1 1 15 3 3 27 5 24 13 26 1 1 16 3 4 20 8 19 13 14 1 1 17 5 2 27 3 21 4 28 7 30 14 29 1 1 18 4 3 39 7 34 10 40 14 35 0 1 0 0 0 1 1 
0 0 0 0 0 1 1 
0 0 0 1 1 1 1 
0 0 0 0 1 1 1 
0 0 0 0 0 1 1 
0 0 0 0 0 0 1 
0 0 0 0 0 0 0 
13 20
1 1 1 3 3 38 4 33 11 36 1 1 2 3 2 22 3 21 6 19 1 1 3 1 5 14 1 1 4 2 5 17 8 20 1 1 5 3 3 36 6 33 11 39 3 4 6 3 2 24 3 20 10 18 7 3 3 21 9 17 15 24 8 1 8 38 9 2 4 19 11 15 4 6 3 2 24 3 20 10 18 7 3 3 21 9 17 15 24 10 3 8 14 10 19 15 17 9 2 4 19 11 15 3 11 4 1 25 4 21 9 19 13 28 12 2 7 42 12 43 13 3 1 48 2 42 6 46 1 1 14 2 7 10 10 14 1 1 15 3 2 14 13 16 14 13 1 1 16 4 1 36 4 33 5 31 8 34 1 1 17 2 1 47 12 44 1 1 18 3 9 30 10 26 13 29 1 1 19 3 1 18 5 19 12 15 1 1 20 2 9 24 11 25 0 1 1 1 0 0 0 0 0 0 0 0 0 
0 0 1 1 0 0 0 0 0 0 0 0 0 
0 0 0 1 0 0 0 0 0 0 0 0 0 
0 0 0 0 0 0 0 0 0 0 0 0 0 
0 0 0 0 0 1 1 0 0 0 0 0 0 
0 0 0 0 0 0 1 0 0 0 0 0 0 
0 0 0 0 0 0 0 0 0 0 0 0 0 
0 0 0 0 0 0 0 0 1 1 1 1 1 
0 0 0 0 0 0 0 0 0 0 0 1 1 
0 0 0 0 0 0 0 0 0 0 1 1 1 
0 0 0 0 0 0 0 0 0 0 0 1 1 
0 0 0 0 0 0 0 0 0 0 0 0 1 
0 0 0 0 0 0 0 0 0 0 0 0 0 
9 21
1 1 1 2 7 12 8 17 3 3 2 4 2 7 5 6 8 8 12 11 3 2 11 30 15 27 6 3 4 46 11 50 13 49 4 2 4 2 7 5 6 8 8 12 11 4 1 7 27 5 3 2 10 3 11 9 16 6 3 4 46 11 50 13 49 3 7 1 3 22 8 2 10 10 5 9 9 3 1 27 2 28 6 24 1 1 10 3 6 8 12 5 13 11 1 1 11 2 2 47 9 48 3 2 12 2 1 27 8 30 13 3 9 18 13 19 14 20 3 14 2 7 22 11 20 15 3 7 13 8 11 13 14 17 3 4 21 5 26 7 20 3 14 2 7 22 11 20 16 2 6 15 14 10 17 3 4 21 5 26 7 20 1 1 18 3 4 29 5 30 13 26 1 1 19 2 1 35 2 31 1 1 20 3 5 22 6 18 11 23 1 1 21 3 1 32 7 33 10 28 0 1 1 1 1 1 1 1 1 
0 0 1 1 1 1 0 0 0 
0 0 0 1 1 1 0 0 0 
0 0 0 0 1 1 0 0 0 
0 0 0 0 0 1 0 0 0 
0 0 0 0 0 0 0 0 0 
0 0 0 0 0 0 0 1 1 
0 0 0 0 0 0 0 0 1 
0 0 0 0 0 0 0 0 0 
14 20
1 1 1 5 5 31 9 27 12 21 13 28 14 23 1 1 2 1 7 21 2 1 3 4 7 21 9 22 10 25 13 20 2 4 2 3 13 15 15 5 5 3 6 6 5 9 7 12 10 13 9 1 1 6 5 1 37 2 33 5 39 6 29 10 32 1 1 7 5 4 7 10 8 11 9 13 5 15 6 2 2 8 5 1 42 4 41 8 39 9 45 12 44 9 3 4 10 7 9 14 14 1 10 5 4 19 5 14 7 15 8 12 14 10 1 1 11 5 3 28 9 24 10 27 11 22 15 20 1 1 12 2 4 45 6 41 1 1 13 1 2 44 1 1 14 4 4 47 5 43 14 44 15 42 1 1 15 5 2 17 5 14 6 20 9 21 14 18 1 1 16 3 2 45 4 42 13 46 2 1 17 5 1 27 3 25 5 23 6 28 15 20 2 18 5 2 10 7 12 9 17 10 16 11 11 19 2 2 9 13 10 1 1 20 4 4 18 6 23 8 21 12 25 0 1 1 1 1 1 1 1 0 0 0 0 0 0 
0 0 1 1 0 0 0 1 0 0 0 0 0 0 
0 0 0 1 0 0 0 1 0 0 0 0 0 0 
0 0 0 0 0 0 0 1 0 0 0 0 0 0 
0 0 0 0 0 1 1 1 0 0 0 0 0 0 
0 0 0 0 0 0 1 1 0 0 0 0 0 0 
0 0 0 0 0 0 0 1 0 0 0 0 0 0 
0 0 0 0 0 0 0 0 0 0 0 0 0 0 
0 0 0 0 0 0 0 0 0 1 1 0 0 0 
0 0 0 0 0 0 0 0 0 0 1 0 0 0 
0 0 0 0 0 0 0 0 0 0 0 0 0 0 
0 0 0 0 0 0 0 0 0 0 0 0 1 1 
0 0 0 0 0 0 0 0 0 0 0 0 0 1 
0 0 0 0 0 0 0 0 0 0 0 0 0 0 
7 11
1 1 1 4 1 34 2 39 3 40 4 33 1 1 2 2 6 27 15 20 1 1 3 2 1 22 13 24 2 3 4 2 10 22 13 20 5 2 4 37 7 35 6 2 5 10 9 12 2 7 3 8 39 12 32 14 36 8 1 12 44 1 1 9 4 2 23 3 24 6 21 9 19 1 1 10 2 3 48 12 45 1 1 11 1 14 17 0 1 0 0 0 0 0 
0 0 0 0 0 0 0 
0 0 0 1 1 1 1 
0 0 0 0 1 1 1 
0 0 0 0 0 1 1 
0 0 0 0 0 0 1 
0 0 0 0 0 0 0 
9 9
1 1 1 2 1 38 6 30 1 1 2 4 5 39 8 40 14 36 15 44 1 1 3 5 3 11 5 13 11 9 12 12 13 8 1 1 4 5 5 21 6 23 8 29 13 27 14 25 1 1 5 3 3 33 4 31 6 29 1 1 6 2 2 28 10 27 1 1 7 3 1 40 14 42 15 46 1 1 8 5 2 6 7 8 9 10 11 11 14 7 1 1 9 3 5 40 9 39 13 36 0 1 1 1 1 0 0 0 0 
0 0 1 1 1 0 0 0 0 
0 0 0 1 1 0 0 0 0 
0 0 0 0 1 0 0 0 0 
0 0 0 0 0 0 0 0 0 
0 0 0 0 0 0 1 0 0 
0 0 0 0 0 0 0 0 0 
0 0 0 0 0 0 0 0 1 
0 0 0 0 0 0 0 0 0 
4 18
1 1 1 5 3 46 4 47 10 44 11 41 13 50 5 7 2 5 5 8 7 5 10 10 12 11 15 9 3 2 2 16 7 12 4 5 1 7 3 5 4 13 6 12 15 8 6 4 1 5 9 4 12 7 15 9 7 4 2 27 8 30 10 33 12 29 8 1 2 40 11 3 10 47 11 49 12 50 8 2 5 5 8 7 5 10 10 12 11 15 9 3 2 2 16 7 12 4 5 1 7 3 5 4 13 6 12 15 8 6 4 1 5 9 4 12 7 15 9 7 4 2 27 8 30 10 33 12 29 9 4 3 23 6 24 7 29 9 21 10 5 1 12 2 14 5 19 9 18 10 17 11 3 10 47 11 49 12 50 6 2 5 5 8 7 5 10 10 12 11 15 9 5 3 6 26 8 24 10 28 6 4 1 5 9 4 12 7 15 9 7 4 2 27 8 30 10 33 12 29 8 1 2 40 11 3 10 47 11 49 12 50 7 2 5 5 8 7 5 10 10 12 11 15 9 5 3 6 26 8 24 10 28 6 4 1 5 9 4 12 7 15 9 7 4 2 27 8 30 10 33 12 29 9 4 3 23 6 24 7 29 9 21 10 5 1 12 2 14 5 19 9 18 10 17 11 3 10 47 11 49 12 50 5 12 3 4 44 6 38 13 41 13 4 1 22 9 21 10 16 12 18 14 5 1 15 4 18 6 13 13 14 14 19 15 4 3 6 4 4 6 5 13 9 16 3 5 15 11 18 14 13 1 1 17 3 8 15 9 16 11 19 1 1 18 2 2 44 15 50 0 1 0 0 
0 0 0 0 
0 0 0 1 
0 0 0 0 
10 13
1 1 1 2 3 46 9 43 2 2 2 4 1 10 2 17 7 11 12 13 3 3 4 8 7 9 8 10 1 4 2 3 18 6 25 1 1 5 1 4 9 2 1 6 3 3 29 4 27 13 33 1 7 2 5 30 9 29 1 1 8 2 2 9 3 8 1 1 9 3 5 18 12 10 15 19 1 1 10 2 9 28 15 25 1 1 11 3 4 42 14 43 15 47 1 1 12 3 9 35 10 31 14 29 1 1 13 2 6 9 10 7 0 1 1 1 1 0 0 0 0 0 
0 0 1 1 1 0 0 0 0 0 
0 0 0 1 1 0 0 0 0 0 
0 0 0 0 1 0 0 0 0 0 
0 0 0 0 0 0 0 0 0 0 
0 0 0 0 0 0 1 1 1 1 
0 0 0 0 0 0 0 1 0 1 
0 0 0 0 0 0 0 0 0 1 
0 0 0 0 0 0 0 0 0 1 
0 0 0 0 0 0 0 0 0 0 
5 21
1 1 1 3 1 43 2 45 11 41 3 4 2 1 7 32 3 3 3 33 6 39 13 35 4 5 4 40 5 43 7 41 9 44 15 49 5 3 1 25 2 30 6 31 9 6 2 6 5 12 10 7 5 3 7 5 5 6 9 11 8 14 10 8 3 5 16 7 19 9 18 9 5 1 12 4 18 9 14 10 9 13 15 10 5 6 19 11 11 12 16 13 20 14 21 11 5 4 31 7 39 8 30 10 33 15 40 15 5 1 8 2 7 4 6 5 9 7 10 16 2 9 5 12 6 17 5 1 21 3 20 8 24 13 19 15 23 7 6 2 6 5 12 10 12 3 5 28 8 27 14 24 13 5 1 50 4 44 7 47 8 49 15 48 14 4 1 17 2 19 8 20 9 21 15 5 1 8 2 7 4 6 5 9 7 10 16 2 9 5 12 6 17 5 1 21 3 20 8 24 13 19 15 23 1 1 18 4 4 26 5 27 10 24 11 18 2 1 19 2 3 19 11 20 1 20 4 7 19 8 20 14 15 15 23 1 1 21 3 2 27 12 29 14 14 0 1 0 0 0 
0 0 0 0 0 
0 0 0 1 1 
0 0 0 0 1 
0 0 0 0 0 
11 17
1 1 1 2 3 8 8 13 2 2 2 3 5 16 6 12 8 13 3 1 2 21 2 4 3 1 13 5 16 10 18 5 1 9 17 1 1 6 2 5 46 8 47 1 1 7 3 3 44 7 48 13 49 2 1 8 3 5 17 6 14 13 10 1 9 2 8 16 15 13 1 1 10 3 3 28 11 27 15 30 1 1 11 2 10 48 13 50 1 1 12 3 5 31 13 32 15 36 2 1 13 3 3 30 6 28 9 26 2 14 1 2 11 15 2 1 16 14 18 1 1 16 2 4 18 15 19 1 1 17 3 3 36 10 32 14 35 0 1 1 0 0 0 0 0 0 0 0 
0 0 1 0 0 0 0 0 0 0 0 
0 0 0 0 0 0 0 0 0 0 0 
0 0 0 0 1 1 1 0 0 0 0 
0 0 0 0 0 1 1 0 0 0 0 
0 0 0 0 0 0 1 0 0 0 0 
0 0 0 0 0 0 0 0 0 0 0 
0 0 0 0 0 0 0 0 1 1 1 
0 0 0 0 0 0 0 0 0 1 1 
0 0 0 0 0 0 0 0 0 0 1 
0 0 0 0 0 0 0 0 0 0 0 
