40 30
22 24
1 1 1 3 16 67 35 65 29 70 1 1 2 3 20 76 27 75 15 71 1 1 3 3 35 49 2 45 31 45 1 1 4 4 3 63 28 61 20 67 37 59 1 1 5 4 9 70 40 68 33 73 1 71 1 1 6 4 35 73 3 74 32 73 5 67 1 1 7 5 5 62 26 62 37 65 19 62 35 58 1 1 8 3 34 48 13 46 6 48 1 1 9 4 11 42 18 40 9 41 2 45 1 1 10 3 8 41 4 45 36 42 1 1 11 4 27 55 32 58 22 59 8 60 2 1 12 4 35 70 4 72 40 69 16 75 1 13 5 9 55 33 58 32 58 28 54 30 52 1 1 14 3 9 76 2 71 12 71 1 1 15 5 35 53 20 52 39 51 30 55 23 53 1 1 16 5 8 47 3 53 34 52 2 47 27 46 2 1 17 4 4 58 24 61 13 60 39 61 1 18 3 36 42 10 37 38 45 1 1 19 4 23 50 13 49 19 45 24 53 1 1 20 3 31 51 28 48 9 49 1 1 21 4 19 32 22 34 1 32 31 30 1 1 22 4 16 31 15 32 38 37 30 28 1 1 23 4 39 60 33 61 22 54 38 65 1 1 24 4 28 79 12 80 9 76 39 78
0 0 0 0 0 0 0 0 0 0 0 0 0 0 0 0 0 0 0 0 0 0
0 0 0 0 0 0 0 0 0 0 0 0 0 0 0 0 0 0 0 0 0 0
0 0 0 0 0 0 0 0 0 0 0 0 0 0 0 0 0 0 0 0 0 0
0 0 0 0 0 0 0 0 0 0 0 0 0 0 0 0 0 0 0 0 0 0
0 0 0 0 0 0 0 0 0 0 0 0 0 0 0 0 0 0 0 0 0 0
0 0 0 0 0 0 0 0 0 0 0 0 0 0 0 0 0 0 0 0 0 0
0 0 0 0 0 0 0 0 0 0 0 0 0 0 0 0 0 0 0 0 0 0
0 0 0 0 0 0 0 0 0 0 0 0 0 0 0 0 0 0 0 0 0 0
0 0 0 0 0 0 0 0 0 0 0 0 0 0 0 0 0 0 0 0 0 0
0 0 0 0 0 0 0 0 0 0 0 0 0 0 0 0 0 0 0 0 0 0
0 0 0 0 0 0 0 0 0 0 0 0 0 0 0 0 0 0 0 0 0 0
0 0 0 0 0 0 0 0 0 0 0 0 0 0 0 0 0 0 0 0 0 0
0 0 0 0 0 0 0 0 0 0 0 0 0 0 0 0 0 0 0 0 0 0
0 0 0 0 0 0 0 0 0 0 0 0 0 0 0 0 0 0 0 0 0 0
0 0 0 0 0 0 0 0 0 0 0 0 0 0 0 0 0 0 0 0 0 0
0 0 0 0 0 0 0 0 0 0 0 0 0 0 0 0 0 0 0 0 0 0
0 0 0 0 0 0 0 0 0 0 0 0 0 0 0 0 0 0 0 0 0 0
0 0 0 0 0 0 0 0 0 0 0 0 0 0 0 0 0 0 0 0 0 0
0 0 0 0 0 0 0 0 0 0 0 0 0 0 0 0 0 0 0 0 0 0
0 0 0 0 0 0 0 0 0 0 0 0 0 0 0 0 0 0 0 0 0 0
0 0 0 0 0 0 0 0 0 0 0 0 0 0 0 0 0 0 0 0 0 0
0 0 0 0 0 0 0 0 0 0 0 0 0 0 0 0 0 0 0 0 0 0
28 30
1 1 1 3 40 48 29 43 21 51 2 1 2 5 28 71 12 73 20 74 38 72 26 68 1 3 5 19 36 27 42 1 39 21 40 40 38 1 1 4 3 9 60 13 59 36 60 1 1 5 4 38 32 40 29 4 36 14 37 1 1 6 5 31 56 36 56 25 57 6 56 7 58 1 1 7 3 38 40 2 42 3 46 1 1 8 4 33 38 7 39 39 38 2 36 1 1 9 3 26 67 17 66 11 71 1 1 10 3 8 65 37 62 18 63 1 1 11 5 27 62 26 56 23 58 34 61 13 60 1 1 12 5 16 62 28 66 39 64 19 61 26 61 2 1 13 4 9 65 7 63 40 64 1 63 1 14 4 20 53 39 56 18 59 1 49 1 1 15 3 33 57 1 57 40 52 1 1 16 5 5 61 14 57 19 58 38 60 36 60 1 1 17 5 17 51 29 51 15 50 11 52 25 48 1 1 18 3 26 41 10 40 27 42 1 1 19 4 18 41 36 41 16 38 20 44 1 1 20 3 21 73 26 73 37 75 1 1 21 3 34 64 6 68 19 67 1 1 22 4 5 33 7 38 16 28 31 36 1 1 23 5 25 58 33 62 30 54 3 57 10 61 1 1 24 4 5 34 20 30 38 31 6 31 1 1 25 5 36 51 6 53 10 52 32 48 5 48 1 1 26 3 14 60 37 62 36 60 1 1 27 3 20 44 4 41 40 48 1 1 28 3 11 80 25 83 9 77 1 1 29 3 39 64 12 65 4 63 1 1 30 5 35 49 29 51 24 53 25 51 37 51
0 0 0 0 0 0 0 0 0 0 0 0 0 0 0 0 0 0 0 0 0 0 0 0 0 0 0 0
0 0 0 0 0 0 0 0 0 0 0 0 0 0 0 0 0 0 0 0 0 0 0 0 0 0 0 0
0 0 0 0 0 0 0 0 0 0 0 0 0 0 0 0 0 0 0 0 0 0 0 0 0 0 0 0
0 0 0 0 0 0 0 0 0 0 0 0 0 0 0 0 0 0 0 0 0 0 0 0 0 0 0 0
0 0 0 0 0 0 0 0 0 0 0 0 0 0 0 0 0 0 0 0 0 0 0 0 0 0 0 0
0 0 0 0 0 0 0 0 0 0 0 0 0 0 0 0 0 0 0 0 0 0 0 0 0 0 0 0
0 0 0 0 0 0 0 0 0 0 0 0 0 0 0 0 0 0 0 0 0 0 0 0 0 0 0 0
0 0 0 0 0 0 0 0 0 0 0 0 0 0 0 0 0 0 0 0 0 0 0 0 0 0 0 0
0 0 0 0 0 0 0 0 0 0 0 0 0 0 0 0 0 0 0 0 0 0 0 0 0 0 0 0
0 0 0 0 0 0 0 0 0 0 0 0 0 0 0 0 0 0 0 0 0 0 0 0 0 0 0 0
0 0 0 0 0 0 0 0 0 0 0 0 0 0 0 0 0 0 0 0 0 0 0 0 0 0 0 0
0 0 0 0 0 0 0 0 0 0 0 0 0 0 0 0 0 0 0 0 0 0 0 0 0 0 0 0
0 0 0 0 0 0 0 0 0 0 0 0 0 0 0 0 0 0 0 0 0 0 0 0 0 0 0 0
0 0 0 0 0 0 0 0 0 0 0 0 0 0 0 0 0 0 0 0 0 0 0 0 0 0 0 0
0 0 0 0 0 0 0 0 0 0 0 0 0 0 0 0 0 0 0 0 0 0 0 0 0 0 0 0
0 0 0 0 0 0 0 0 0 0 0 0 0 0 0 0 0 0 0 0 0 0 0 0 0 0 0 0
0 0 0 0 0 0 0 0 0 0 0 0 0 0 0 0 0 0 0 0 0 0 0 0 0 0 0 0
0 0 0 0 0 0 0 0 0 0 0 0 0 0 0 0 0 0 0 0 0 0 0 0 0 0 0 0
0 0 0 0 0 0 0 0 0 0 0 0 0 0 0 0 0 0 0 0 0 0 0 0 0 0 0 0
0 0 0 0 0 0 0 0 0 0 0 0 0 0 0 0 0 0 0 0 0 0 0 0 0 0 0 0
0 0 0 0 0 0 0 0 0 0 0 0 0 0 0 0 0 0 0 0 0 0 0 0 0 0 0 0
0 0 0 0 0 0 0 0 0 0 0 0 0 0 0 0 0 0 0 0 0 0 0 0 0 0 0 0
0 0 0 0 0 0 0 0 0 0 0 0 0 0 0 0 0 0 0 0 0 0 0 0 0 0 0 0
0 0 0 0 0 0 0 0 0 0 0 0 0 0 0 0 0 0 0 0 0 0 0 0 0 0 0 0
0 0 0 0 0 0 0 0 0 0 0 0 0 0 0 0 0 0 0 0 0 0 0 0 0 0 0 0
0 0 0 0 0 0 0 0 0 0 0 0 0 0 0 0 0 0 0 0 0 0 0 0 0 0 0 0
0 0 0 0 0 0 0 0 0 0 0 0 0 0 0 0 0 0 0 0 0 0 0 0 0 0 0 0
0 0 0 0 0 0 0 0 0 0 0 0 0 0 0 0 0 0 0 0 0 0 0 0 0 0 0 0
20 23
2 1 1 3 40 76 13 77 31 71 1 2 3 28 75 40 72 10 78 1 1 3 5 17 45 16 44 38 48 26 42 31 41 1 1 4 3 8 70 31 73 39 73 1 1 5 3 22 41 1 40 29 44 1 1 6 3 29 71 23 71 38 74 1 1 7 3 16 53 17 49 25 51 1 1 8 4 31 46 8 50 4 51 16 51 1 1 9 5 13 45 28 44 25 49 17 51 12 50 1 1 10 3 13 31 19 32 12 31 1 1 11 5 34 39 4 45 6 35 3 42 30 34 1 1 12 3 39 39 38 39 28 43 1 1 13 3 32 72 31 72 23 76 1 1 14 5 24 44 38 45 21 40 34 48 32 44 1 1 15 3 8 37 29 38 39 31 1 1 16 4 39 64 28 59 18 58 32 66 2 1 17 2 14 51 19 48 1 18 5 40 52 9 57 17 51 18 53 39 50 1 1 19 5 20 36 19 39 37 40 7 38 26 31 1 1 20 4 10 60 38 63 16 61 3 59 2 1 21 3 14 59 33 56 16 63 1 22 5 12 78 15 82 18 79 17 82 38 81 1 1 23 3 32 76 12 79 24 82
0 0 0 0 0 0 0 0 0 0 0 0 0 0 0 0 0 0 0 0
0 0 0 0 0 0 0 0 0 0 0 0 0 0 0 0 0 0 0 0
0 0 0 0 0 0 0 0 0 0 0 0 0 0 0 0 0 0 0 0
0 0 0 0 0 0 0 0 0 0 0 0 0 0 0 0 0 0 0 0
0 0 0 0 0 0 0 0 0 0 0 0 0 0 0 0 0 0 0 0
0 0 0 0 0 0 0 0 0 0 0 0 0 0 0 0 0 0 0 0
0 0 0 0 0 0 0 0 0 0 0 0 0 0 0 0 0 0 0 0
0 0 0 0 0 0 0 0 0 0 0 0 0 0 0 0 0 0 0 0
0 0 0 0 0 0 0 0 0 0 0 0 0 0 0 0 0 0 0 0
0 0 0 0 0 0 0 0 0 0 0 0 0 0 0 0 0 0 0 0
0 0 0 0 0 0 0 0 0 0 0 0 0 0 0 0 0 0 0 0
0 0 0 0 0 0 0 0 0 0 0 0 0 0 0 0 0 0 0 0
0 0 0 0 0 0 0 0 0 0 0 0 0 0 0 0 0 0 0 0
0 0 0 0 0 0 0 0 0 0 0 0 0 0 0 0 0 0 0 0
0 0 0 0 0 0 0 0 0 0 0 0 0 0 0 0 0 0 0 0
0 0 0 0 0 0 0 0 0 0 0 0 0 0 0 0 0 0 0 0
0 0 0 0 0 0 0 0 0 0 0 0 0 0 0 0 0 0 0 0
0 0 0 0 0 0 0 0 0 0 0 0 0 0 0 0 0 0 0 0
0 0 0 0 0 0 0 0 0 0 0 0 0 0 0 0 0 0 0 0
0 0 0 0 0 0 0 0 0 0 0 0 0 0 0 0 0 0 0 0
24 26
1 1 1 5 21 33 33 30 3 33 30 34 2 29 2 1 2 2 10 36 35 33 1 3 4 32 66 39 67 9 67 33 70 1 1 4 5 8 69 17 70 3 68 10 71 14 72 1 1 5 3 29 42 40 36 32 47 1 1 6 3 40 75 29 75 10 75 1 1 7 5 27 42 38 37 3 45 12 43 10 46 1 1 8 3 4 58 23 51 21 48 1 1 9 5 25 43 5 41 36 46 8 47 2 39 1 1 10 3 40 52 8 55 28 47 1 1 11 2 19 68 6 79 1 1 12 3 26 73 36 76 11 79 1 1 13 4 40 78 15 81 27 77 39 76 1 1 14 3 32 53 3 48 36 53 1 1 15 4 36 38 32 42 17 43 20 32 1 1 16 4 32 34 27 36 30 34 2 37 1 1 17 4 25 75 26 70 40 76 14 75 1 1 18 5 11 79 3 82 1 77 17 75 40 82 1 1 19 5 31 35 11 34 35 34 12 32 28 33 1 1 20 4 22 44 16 42 27 44 9 43 2 1 21 4 21 51 2 48 16 46 29 48 1 22 4 7 55 12 58 14 50 4 56 1 1 23 5 37 33 7 29 3 37 13 35 1 32 1 1 24 5 7 34 27 35 8 33 3 36 1 34 1 1 25 3 4 59 30 61 31 59 1 1 26 4 19 72 16 75 22 70 32 75
0 0 0 0 0 0 0 0 0 0 0 0 0 0 0 0 0 0 0 0 0 0 0 0
0 0 0 0 0 0 0 0 0 0 0 0 0 0 0 0 0 0 0 0 0 0 0 0
0 0 0 0 0 0 0 0 0 0 0 0 0 0 0 0 0 0 0 0 0 0 0 0
0 0 0 0 0 0 0 0 0 0 0 0 0 0 0 0 0 0 0 0 0 0 0 0
0 0 0 0 0 0 0 0 0 0 0 0 0 0 0 0 0 0 0 0 0 0 0 0
0 0 0 0 0 0 0 0 0 0 0 0 0 0 0 0 0 0 0 0 0 0 0 0
0 0 0 0 0 0 0 0 0 0 0 0 0 0 0 0 0 0 0 0 0 0 0 0
0 0 0 0 0 0 0 0 0 0 0 0 0 0 0 0 0 0 0 0 0 0 0 0
0 0 0 0 0 0 0 0 0 0 0 0 0 0 0 0 0 0 0 0 0 0 0 0
0 0 0 0 0 0 0 0 0 0 0 0 0 0 0 0 0 0 0 0 0 0 0 0
0 0 0 0 0 0 0 0 0 0 0 0 0 0 0 0 0 0 0 0 0 0 0 0
0 0 0 0 0 0 0 0 0 0 0 0 0 0 0 0 0 0 0 0 0 0 0 0
0 0 0 0 0 0 0 0 0 0 0 0 0 0 0 0 0 0 0 0 0 0 0 0
0 0 0 0 0 0 0 0 0 0 0 0 0 0 0 0 0 0 0 0 0 0 0 0
0 0 0 0 0 0 0 0 0 0 0 0 0 0 0 0 0 0 0 0 0 0 0 0
0 0 0 0 0 0 0 0 0 0 0 0 0 0 0 0 0 0 0 0 0 0 0 0
0 0 0 0 0 0 0 0 0 0 0 0 0 0 0 0 0 0 0 0 0 0 0 0
0 0 0 0 0 0 0 0 0 0 0 0 0 0 0 0 0 0 0 0 0 0 0 0
0 0 0 0 0 0 0 0 0 0 0 0 0 0 0 0 0 0 0 0 0 0 0 0
0 0 0 0 0 0 0 0 0 0 0 0 0 0 0 0 0 0 0 0 0 0 0 0
0 0 0 0 0 0 0 0 0 0 0 0 0 0 0 0 0 0 0 0 0 0 0 0
0 0 0 0 0 0 0 0 0 0 0 0 0 0 0 0 0 0 0 0 0 0 0 0
0 0 0 0 0 0 0 0 0 0 0 0 0 0 0 0 0 0 0 0 0 0 0 0
0 0 0 0 0 0 0 0 0 0 0 0 0 0 0 0 0 0 0 0 0 0 0 0
25 27
1 1 1 3 34 32 21 37 2 35 1 1 2 5 5 77 19 77 4 77 6 71 34 80 2 1 3 4 30 74 15 70 25 78 34 70 1 4 3 8 40 14 39 36 43 1 1 5 4 40 44 27 42 28 50 20 45 1 1 6 5 37 70 2 73 3 70 29 66 18 67 1 1 7 3 27 77 33 79 9 76 1 1 8 5 33 52 13 49 2 54 23 48 39 46 1 1 9 3 30 39 15 36 24 39 1 1 10 4 7 62 4 65 31 58 36 59 2 1 11 3 24 37 16 39 13 42 1 12 4 34 79 9 82 28 81 12 75 1 1 13 3 13 31 32 27 23 31 1 1 14 4 32 42 27 41 12 43 6 39 1 1 15 3 23 65 39 70 13 69 1 1 16 4 16 52 24 52 31 51 26 51 1 1 17 3 21 58 2 57 16 54 1 1 18 4 10 44 12 49 15 41 27 47 1 1 19 5 12 33 18 29 25 35 17 38 4 28 1 1 20 3 23 58 19 53 13 55 1 1 21 3 5 66 8 68 30 66 1 1 22 3 7 35 2 35 16 39 1 1 23 5 3 33 38 36 15 32 34 39 30 28 1 1 24 5 35 47 22 49 39 46 37 42 7 50 1 1 25 3 3 73 33 67 40 71 1 1 26 5 7 77 25 78 1 79 40 79 31 77 1 1 27 4 30 54 22 57 13 54 4 50
0 0 0 0 0 0 0 0 0 0 0 0 0 0 0 0 0 0 0 0 0 0 0 0 0
0 0 0 0 0 0 0 0 0 0 0 0 0 0 0 0 0 0 0 0 0 0 0 0 0
0 0 0 0 0 0 0 0 0 0 0 0 0 0 0 0 0 0 0 0 0 0 0 0 0
0 0 0 0 0 0 0 0 0 0 0 0 0 0 0 0 0 0 0 0 0 0 0 0 0
0 0 0 0 0 0 0 0 0 0 0 0 0 0 0 0 0 0 0 0 0 0 0 0 0
0 0 0 0 0 0 0 0 0 0 0 0 0 0 0 0 0 0 0 0 0 0 0 0 0
0 0 0 0 0 0 0 0 0 0 0 0 0 0 0 0 0 0 0 0 0 0 0 0 0
0 0 0 0 0 0 0 0 0 0 0 0 0 0 0 0 0 0 0 0 0 0 0 0 0
0 0 0 0 0 0 0 0 0 0 0 0 0 0 0 0 0 0 0 0 0 0 0 0 0
0 0 0 0 0 0 0 0 0 0 0 0 0 0 0 0 0 0 0 0 0 0 0 0 0
0 0 0 0 0 0 0 0 0 0 0 0 0 0 0 0 0 0 0 0 0 0 0 0 0
0 0 0 0 0 0 0 0 0 0 0 0 0 0 0 0 0 0 0 0 0 0 0 0 0
0 0 0 0 0 0 0 0 0 0 0 0 0 0 0 0 0 0 0 0 0 0 0 0 0
0 0 0 0 0 0 0 0 0 0 0 0 0 0 0 0 0 0 0 0 0 0 0 0 0
0 0 0 0 0 0 0 0 0 0 0 0 0 0 0 0 0 0 0 0 0 0 0 0 0
0 0 0 0 0 0 0 0 0 0 0 0 0 0 0 0 0 0 0 0 0 0 0 0 0
0 0 0 0 0 0 0 0 0 0 0 0 0 0 0 0 0 0 0 0 0 0 0 0 0
0 0 0 0 0 0 0 0 0 0 0 0 0 0 0 0 0 0 0 0 0 0 0 0 0
0 0 0 0 0 0 0 0 0 0 0 0 0 0 0 0 0 0 0 0 0 0 0 0 0
0 0 0 0 0 0 0 0 0 0 0 0 0 0 0 0 0 0 0 0 0 0 0 0 0
0 0 0 0 0 0 0 0 0 0 0 0 0 0 0 0 0 0 0 0 0 0 0 0 0
0 0 0 0 0 0 0 0 0 0 0 0 0 0 0 0 0 0 0 0 0 0 0 0 0
0 0 0 0 0 0 0 0 0 0 0 0 0 0 0 0 0 0 0 0 0 0 0 0 0
0 0 0 0 0 0 0 0 0 0 0 0 0 0 0 0 0 0 0 0 0 0 0 0 0
0 0 0 0 0 0 0 0 0 0 0 0 0 0 0 0 0 0 0 0 0 0 0 0 0
25 28
1 1 1 3 32 32 2 32 16 32 1 1 2 4 26 71 4 69 35 72 25 71 1 1 3 3 11 37 34 35 16 34 2 1 4 4 13 68 34 64 22 72 26 65 1 5 5 29 31 12 35 14 28 25 36 9 32 1 1 6 3 34 55 29 55 5 56 1 1 7 3 39 42 15 41 34 40 1 1 8 3 26 66 21 69 2 66 1 1 9 4 9 67 28 65 19 66 32 68 1 1 10 5 12 33 3 32 36 27 28 35 4 34 1 1 11 4 30 63 10 65 13 63 33 64 1 1 12 5 32 31 37 34 21 36 15 25 31 30 1 1 13 4 19 69 9 69 38 69 27 71 2 1 14 4 3 49 24 52 30 49 14 50 1 15 5 11 78 28 79 16 77 13 75 35 72 1 1 16 3 19 66 9 69 30 63 1 1 17 3 9 58 16 63 32 57 1 1 18 5 9 67 2 70 24 70 8 70 4 66 2 1 19 3 6 64 12 62 4 69 1 20 3 5 71 20 72 26 69 1 1 21 3 28 59 21 60 36 62 1 1 22 4 27 36 10 33 26 37 29 31 1 1 23 4 5 69 4 67 21 64 16 70 1 1 24 3 30 66 6 67 19 69 1 1 25 5 33 46 10 46 19 46 39 51 25 45 1 1 26 4 39 34 11 34 2 33 19 32 1 1 27 5 31 52 40 48 18 49 20 55 5 50 1 1 28 5 5 70 25 70 29 67 12 73 24 65
0 0 0 0 0 0 0 0 0 0 0 0 0 0 0 0 0 0 0 0 0 0 0 0 0
0 0 0 0 0 0 0 0 0 0 0 0 0 0 0 0 0 0 0 0 0 0 0 0 0
0 0 0 0 0 0 0 0 0 0 0 0 0 0 0 0 0 0 0 0 0 0 0 0 0
0 0 0 0 0 0 0 0 0 0 0 0 0 0 0 0 0 0 0 0 0 0 0 0 0
0 0 0 0 0 0 0 0 0 0 0 0 0 0 0 0 0 0 0 0 0 0 0 0 0
0 0 0 0 0 0 0 0 0 0 0 0 0 0 0 0 0 0 0 0 0 0 0 0 0
0 0 0 0 0 0 0 0 0 0 0 0 0 0 0 0 0 0 0 0 0 0 0 0 0
0 0 0 0 0 0 0 0 0 0 0 0 0 0 0 0 0 0 0 0 0 0 0 0 0
0 0 0 0 0 0 0 0 0 0 0 0 0 0 0 0 0 0 0 0 0 0 0 0 0
0 0 0 0 0 0 0 0 0 0 0 0 0 0 0 0 0 0 0 0 0 0 0 0 0
0 0 0 0 0 0 0 0 0 0 0 0 0 0 0 0 0 0 0 0 0 0 0 0 0
0 0 0 0 0 0 0 0 0 0 0 0 0 0 0 0 0 0 0 0 0 0 0 0 0
0 0 0 0 0 0 0 0 0 0 0 0 0 0 0 0 0 0 0 0 0 0 0 0 0
0 0 0 0 0 0 0 0 0 0 0 0 0 0 0 0 0 0 0 0 0 0 0 0 0
0 0 0 0 0 0 0 0 0 0 0 0 0 0 0 0 0 0 0 0 0 0 0 0 0
0 0 0 0 0 0 0 0 0 0 0 0 0 0 0 0 0 0 0 0 0 0 0 0 0
0 0 0 0 0 0 0 0 0 0 0 0 0 0 0 0 0 0 0 0 0 0 0 0 0
0 0 0 0 0 0 0 0 0 0 0 0 0 0 0 0 0 0 0 0 0 0 0 0 0
0 0 0 0 0 0 0 0 0 0 0 0 0 0 0 0 0 0 0 0 0 0 0 0 0
0 0 0 0 0 0 0 0 0 0 0 0 0 0 0 0 0 0 0 0 0 0 0 0 0
0 0 0 0 0 0 0 0 0 0 0 0 0 0 0 0 0 0 0 0 0 0 0 0 0
0 0 0 0 0 0 0 0 0 0 0 0 0 0 0 0 0 0 0 0 0 0 0 0 0
0 0 0 0 0 0 0 0 0 0 0 0 0 0 0 0 0 0 0 0 0 0 0 0 0
0 0 0 0 0 0 0 0 0 0 0 0 0 0 0 0 0 0 0 0 0 0 0 0 0
0 0 0 0 0 0 0 0 0 0 0 0 0 0 0 0 0 0 0 0 0 0 0 0 0
23 25
1 1 1 4 32 32 34 33 36 32 18 36 1 1 2 4 19 57 32 62 14 58 20 59 1 1 3 3 30 53 11 51 2 59 1 1 4 5 36 68 16 73 21 68 22 68 8 68 1 1 5 3 7 44 22 44 26 44 1 1 6 3 2 34 29 29 16 40 1 1 7 5 35 57 29 55 10 57 18 61 37 59 1 1 8 3 23 54 1 55 32 59 1 1 9 4 8 78 7 81 33 75 28 79 1 1 10 5 34 52 9 54 33 49 23 56 24 46 1 1 11 4 30 44 7 44 15 44 20 40 1 1 12 4 30 46 9 49 37 43 20 47 1 1 13 4 32 50 31 51 10 50 29 47 1 1 14 3 10 35 22 35 3 36 1 1 15 5 27 53 36 48 7 53 10 48 40 51 1 1 16 5 22 45 7 45 3 46 35 43 28 48 2 1 17 4 31 80 12 75 18 77 14 80 1 18 5 38 71 1 71 11 72 5 70 30 75 1 1 19 3 6 73 7 76 19 75 1 1 20 3 4 67 7 68 40 71 1 1 21 3 3 47 28 47 29 42 1 1 22 4 21 72 17 74 12 76 10 67 2 1 23 3 25 42 37 44 7 45 1 24 5 7 64 8 66 17 69 2 66 22 67 1 1 25 3 5 65 28 62 35 64
0 0 0 0 0 0 0 0 0 0 0 0 0 0 0 0 0 0 0 0 0 0 0
0 0 0 0 0 0 0 0 0 0 0 0 0 0 0 0 0 0 0 0 0 0 0
0 0 0 0 0 0 0 0 0 0 0 0 0 0 0 0 0 0 0 0 0 0 0
0 0 0 0 0 0 0 0 0 0 0 0 0 0 0 0 0 0 0 0 0 0 0
0 0 0 0 0 0 0 0 0 0 0 0 0 0 0 0 0 0 0 0 0 0 0
0 0 0 0 0 0 0 0 0 0 0 0 0 0 0 0 0 0 0 0 0 0 0
0 0 0 0 0 0 0 0 0 0 0 0 0 0 0 0 0 0 0 0 0 0 0
0 0 0 0 0 0 0 0 0 0 0 0 0 0 0 0 0 0 0 0 0 0 0
0 0 0 0 0 0 0 0 0 0 0 0 0 0 0 0 0 0 0 0 0 0 0
0 0 0 0 0 0 0 0 0 0 0 0 0 0 0 0 0 0 0 0 0 0 0
0 0 0 0 0 0 0 0 0 0 0 0 0 0 0 0 0 0 0 0 0 0 0
0 0 0 0 0 0 0 0 0 0 0 0 0 0 0 0 0 0 0 0 0 0 0
0 0 0 0 0 0 0 0 0 0 0 0 0 0 0 0 0 0 0 0 0 0 0
0 0 0 0 0 0 0 0 0 0 0 0 0 0 0 0 0 0 0 0 0 0 0
0 0 0 0 0 0 0 0 0 0 0 0 0 0 0 0 0 0 0 0 0 0 0
0 0 0 0 0 0 0 0 0 0 0 0 0 0 0 0 0 0 0 0 0 0 0
0 0 0 0 0 0 0 0 0 0 0 0 0 0 0 0 0 0 0 0 0 0 0
0 0 0 0 0 0 0 0 0 0 0 0 0 0 0 0 0 0 0 0 0 0 0
0 0 0 0 0 0 0 0 0 0 0 0 0 0 0 0 0 0 0 0 0 0 0
0 0 0 0 0 0 0 0 0 0 0 0 0 0 0 0 0 0 0 0 0 0 0
0 0 0 0 0 0 0 0 0 0 0 0 0 0 0 0 0 0 0 0 0 0 0
0 0 0 0 0 0 0 0 0 0 0 0 0 0 0 0 0 0 0 0 0 0 0
0 0 0 0 0 0 0 0 0 0 0 0 0 0 0 0 0 0 0 0 0 0 0
17 20
1 1 1 3 18 64 1 61 20 68 1 1 2 5 11 72 4 76 30 75 31 75 20 73 1 1 3 3 34 52 22 50 11 57 2 1 4 3 12 66 14 62 30 66 1 5 4 1 41 2 34 21 34 3 38 2 1 6 5 37 66 20 62 26 69 22 70 21 64 1 7 5 20 73 29 76 6 75 4 68 21 71 1 1 8 3 11 42 3 45 21 46 2 1 9 3 3 41 32 35 31 39 1 10 3 32 65 34 63 17 68 1 1 11 4 10 36 36 38 8 38 24 37 1 1 12 5 34 63 15 63 12 61 27 62 30 62 1 1 13 4 18 59 14 63 38 58 34 59 1 1 14 3 9 31 32 28 16 27 1 1 15 4 5 79 25 74 6 73 4 80 1 1 16 4 33 50 34 52 26 47 19 50 1 1 17 3 23 36 11 33 29 34 1 1 18 4 28 49 19 54 23 51 5 46 1 1 19 4 31 78 15 76 39 74 8 81 1 1 20 4 4 49 2 45 26 47 36 50
0 0 0 0 0 0 0 0 0 0 0 0 0 0 0 0 0
0 0 0 0 0 0 0 0 0 0 0 0 0 0 0 0 0
0 0 0 0 0 0 0 0 0 0 0 0 0 0 0 0 0
0 0 0 0 0 0 0 0 0 0 0 0 0 0 0 0 0
0 0 0 0 0 0 0 0 0 0 0 0 0 0 0 0 0
0 0 0 0 0 0 0 0 0 0 0 0 0 0 0 0 0
0 0 0 0 0 0 0 0 0 0 0 0 0 0 0 0 0
0 0 0 0 0 0 0 0 0 0 0 0 0 0 0 0 0
0 0 0 0 0 0 0 0 0 0 0 0 0 0 0 0 0
0 0 0 0 0 0 0 0 0 0 0 0 0 0 0 0 0
0 0 0 0 0 0 0 0 0 0 0 0 0 0 0 0 0
0 0 0 0 0 0 0 0 0 0 0 0 0 0 0 0 0
0 0 0 0 0 0 0 0 0 0 0 0 0 0 0 0 0
0 0 0 0 0 0 0 0 0 0 0 0 0 0 0 0 0
0 0 0 0 0 0 0 0 0 0 0 0 0 0 0 0 0
0 0 0 0 0 0 0 0 0 0 0 0 0 0 0 0 0
0 0 0 0 0 0 0 0 0 0 0 0 0 0 0 0 0
25 28
1 1 1 3 20 63 16 67 28 66 1 1 2 4 17 35 6 34 30 38 32 39 2 1 3 5 5 43 9 43 4 46 36 43 31 44 1 4 5 35 38 19 39 4 35 16 43 2 37 1 1 5 3 2 54 10 56 23 58 1 1 6 5 1 37 28 38 4 40 36 31 29 39 2 1 7 5 12 70 38 67 39 71 17 71 4 71 1 8 3 26 79 2 79 30 79 1 1 9 4 18 61 21 58 4 59 23 66 1 1 10 3 20 57 11 53 15 52 1 1 11 3 12 54 29 52 38 48 1 1 12 4 29 39 5 37 8 39 35 41 1 1 13 4 23 54 33 50 13 54 14 54 1 1 14 5 5 34 15 33 26 29 16 35 29 34 1 1 15 3 38 42 28 43 29 40 2 1 16 4 21 40 32 39 30 37 11 39 1 17 5 35 62 36 64 24 64 23 64 16 61 1 1 18 3 12 38 4 35 34 36 1 1 19 3 24 77 4 77 29 74 1 1 20 5 14 54 29 55 1 49 40 55 37 56 1 1 21 3 24 55 17 58 33 55 1 1 22 4 30 76 22 75 11 77 15 79 1 1 23 5 32 76 14 78 13 72 11 72 19 79 1 1 24 4 15 53 13 49 25 52 22 53 1 1 25 5 20 75 36 74 6 72 15 70 13 74 1 1 26 4 12 37 18 37 28 41 23 35 1 1 27 3 34 32 11 33 21 31 1 1 28 4 34 64 12 59 15 60 5 64
0 0 0 0 0 0 0 0 0 0 0 0 0 0 0 0 0 0 0 0 0 0 0 0 0
0 0 0 0 0 0 0 0 0 0 0 0 0 0 0 0 0 0 0 0 0 0 0 0 0
0 0 0 0 0 0 0 0 0 0 0 0 0 0 0 0 0 0 0 0 0 0 0 0 0
0 0 0 0 0 0 0 0 0 0 0 0 0 0 0 0 0 0 0 0 0 0 0 0 0
0 0 0 0 0 0 0 0 0 0 0 0 0 0 0 0 0 0 0 0 0 0 0 0 0
0 0 0 0 0 0 0 0 0 0 0 0 0 0 0 0 0 0 0 0 0 0 0 0 0
0 0 0 0 0 0 0 0 0 0 0 0 0 0 0 0 0 0 0 0 0 0 0 0 0
0 0 0 0 0 0 0 0 0 0 0 0 0 0 0 0 0 0 0 0 0 0 0 0 0
0 0 0 0 0 0 0 0 0 0 0 0 0 0 0 0 0 0 0 0 0 0 0 0 0
0 0 0 0 0 0 0 0 0 0 0 0 0 0 0 0 0 0 0 0 0 0 0 0 0
0 0 0 0 0 0 0 0 0 0 0 0 0 0 0 0 0 0 0 0 0 0 0 0 0
0 0 0 0 0 0 0 0 0 0 0 0 0 0 0 0 0 0 0 0 0 0 0 0 0
0 0 0 0 0 0 0 0 0 0 0 0 0 0 0 0 0 0 0 0 0 0 0 0 0
0 0 0 0 0 0 0 0 0 0 0 0 0 0 0 0 0 0 0 0 0 0 0 0 0
0 0 0 0 0 0 0 0 0 0 0 0 0 0 0 0 0 0 0 0 0 0 0 0 0
0 0 0 0 0 0 0 0 0 0 0 0 0 0 0 0 0 0 0 0 0 0 0 0 0
0 0 0 0 0 0 0 0 0 0 0 0 0 0 0 0 0 0 0 0 0 0 0 0 0
0 0 0 0 0 0 0 0 0 0 0 0 0 0 0 0 0 0 0 0 0 0 0 0 0
0 0 0 0 0 0 0 0 0 0 0 0 0 0 0 0 0 0 0 0 0 0 0 0 0
0 0 0 0 0 0 0 0 0 0 0 0 0 0 0 0 0 0 0 0 0 0 0 0 0
0 0 0 0 0 0 0 0 0 0 0 0 0 0 0 0 0 0 0 0 0 0 0 0 0
0 0 0 0 0 0 0 0 0 0 0 0 0 0 0 0 0 0 0 0 0 0 0 0 0
0 0 0 0 0 0 0 0 0 0 0 0 0 0 0 0 0 0 0 0 0 0 0 0 0
0 0 0 0 0 0 0 0 0 0 0 0 0 0 0 0 0 0 0 0 0 0 0 0 0
0 0 0 0 0 0 0 0 0 0 0 0 0 0 0 0 0 0 0 0 0 0 0 0 0
22 24
1 1 1 3 2 78 18 80 22 75 2 1 2 4 31 39 38 38 28 38 12 37 1 3 3 19 31 13 32 23 35 1 1 4 4 24 39 32 44 17 35 3 38 1 1 5 3 12 59 3 53 36 56 1 1 6 3 12 62 22 60 33 60 1 1 7 3 17 67 20 67 22 69 1 1 8 4 15 69 33 74 1 72 37 65 1 1 9 4 9 76 34 78 5 78 18 71 1 1 10 5 18 64 40 59 15 65 14 69 7 64 1 1 11 4 35 73 17 70 2 68 29 73 1 1 12 4 19 33 24 36 33 38 21 28 1 1 13 3 40 71 37 66 8 74 1 1 14 4 29 44 28 38 5 45 18 46 1 1 15 5 31 39 39 38 20 42 10 41 35 37 1 1 16 4 13 64 16 65 14 63 9 59 1 1 17 4 36 43 8 45 40 44 27 45 1 1 18 4 40 45 3 51 25 42 20 47 1 1 19 3 9 54 20 55 14 56 1 1 20 4 5 66 3 72 25 72 28 67 1 1 21 3 26 35 16 37 1 38 2 1 22 3 20 32 26 34 27 37 1 23 5 13 61 32 64 15 63 31 58 10 65 1 1 24 4 32 81 7 74 8 76 24 71
0 0 0 0 0 0 0 0 0 0 0 0 0 0 0 0 0 0 0 0 0 0
0 0 0 0 0 0 0 0 0 0 0 0 0 0 0 0 0 0 0 0 0 0
0 0 0 0 0 0 0 0 0 0 0 0 0 0 0 0 0 0 0 0 0 0
0 0 0 0 0 0 0 0 0 0 0 0 0 0 0 0 0 0 0 0 0 0
0 0 0 0 0 0 0 0 0 0 0 0 0 0 0 0 0 0 0 0 0 0
0 0 0 0 0 0 0 0 0 0 0 0 0 0 0 0 0 0 0 0 0 0
0 0 0 0 0 0 0 0 0 0 0 0 0 0 0 0 0 0 0 0 0 0
0 0 0 0 0 0 0 0 0 0 0 0 0 0 0 0 0 0 0 0 0 0
0 0 0 0 0 0 0 0 0 0 0 0 0 0 0 0 0 0 0 0 0 0
0 0 0 0 0 0 0 0 0 0 0 0 0 0 0 0 0 0 0 0 0 0
0 0 0 0 0 0 0 0 0 0 0 0 0 0 0 0 0 0 0 0 0 0
0 0 0 0 0 0 0 0 0 0 0 0 0 0 0 0 0 0 0 0 0 0
0 0 0 0 0 0 0 0 0 0 0 0 0 0 0 0 0 0 0 0 0 0
0 0 0 0 0 0 0 0 0 0 0 0 0 0 0 0 0 0 0 0 0 0
0 0 0 0 0 0 0 0 0 0 0 0 0 0 0 0 0 0 0 0 0 0
0 0 0 0 0 0 0 0 0 0 0 0 0 0 0 0 0 0 0 0 0 0
0 0 0 0 0 0 0 0 0 0 0 0 0 0 0 0 0 0 0 0 0 0
0 0 0 0 0 0 0 0 0 0 0 0 0 0 0 0 0 0 0 0 0 0
0 0 0 0 0 0 0 0 0 0 0 0 0 0 0 0 0 0 0 0 0 0
0 0 0 0 0 0 0 0 0 0 0 0 0 0 0 0 0 0 0 0 0 0
0 0 0 0 0 0 0 0 0 0 0 0 0 0 0 0 0 0 0 0 0 0
0 0 0 0 0 0 0 0 0 0 0 0 0 0 0 0 0 0 0 0 0 0
22 25
1 1 1 4 18 70 38 71 4 70 19 73 1 1 2 3 34 40 37 43 9 40 1 1 3 4 15 72 26 72 1 73 7 70 1 1 4 4 24 48 32 44 19 46 40 46 1 1 5 3 3 55 22 52 40 52 2 1 6 3 22 58 8 63 27 59 1 7 5 5 35 39 34 4 36 40 33 30 33 1 1 8 5 16 73 19 78 18 72 23 76 39 73 1 1 9 5 16 57 29 57 22 56 9 55 21 60 1 1 10 4 1 67 4 68 29 69 40 73 1 1 11 4 24 54 16 57 33 56 40 57 1 1 12 4 4 56 26 50 8 55 40 56 1 1 13 5 16 31 33 34 10 28 37 33 7 32 2 1 14 5 28 42 31 43 23 43 14 46 11 43 1 15 4 19 70 40 72 4 66 14 66 1 1 16 5 29 73 36 70 39 71 19 73 33 77 1 1 17 3 33 57 24 59 36 55 1 1 18 5 10 76 26 76 2 79 39 76 4 77 2 1 19 5 38 42 30 41 8 40 25 43 14 45 1 20 4 27 71 12 65 18 76 15 70 1 1 21 3 37 63 31 59 16 63 1 1 22 3 13 62 11 60 33 67 1 1 23 3 27 70 1 75 13 67 1 1 24 5 21 52 11 49 4 55 38 58 34 55 1 1 25 5 29 55 12 56 14 55 37 51 9 51
0 0 0 0 0 0 0 0 0 0 0 0 0 0 0 0 0 0 0 0 0 0
0 0 0 0 0 0 0 0 0 0 0 0 0 0 0 0 0 0 0 0 0 0
0 0 0 0 0 0 0 0 0 0 0 0 0 0 0 0 0 0 0 0 0 0
0 0 0 0 0 0 0 0 0 0 0 0 0 0 0 0 0 0 0 0 0 0
0 0 0 0 0 0 0 0 0 0 0 0 0 0 0 0 0 0 0 0 0 0
0 0 0 0 0 0 0 0 0 0 0 0 0 0 0 0 0 0 0 0 0 0
0 0 0 0 0 0 0 0 0 0 0 0 0 0 0 0 0 0 0 0 0 0
0 0 0 0 0 0 0 0 0 0 0 0 0 0 0 0 0 0 0 0 0 0
0 0 0 0 0 0 0 0 0 0 0 0 0 0 0 0 0 0 0 0 0 0
0 0 0 0 0 0 0 0 0 0 0 0 0 0 0 0 0 0 0 0 0 0
0 0 0 0 0 0 0 0 0 0 0 0 0 0 0 0 0 0 0 0 0 0
0 0 0 0 0 0 0 0 0 0 0 0 0 0 0 0 0 0 0 0 0 0
0 0 0 0 0 0 0 0 0 0 0 0 0 0 0 0 0 0 0 0 0 0
0 0 0 0 0 0 0 0 0 0 0 0 0 0 0 0 0 0 0 0 0 0
0 0 0 0 0 0 0 0 0 0 0 0 0 0 0 0 0 0 0 0 0 0
0 0 0 0 0 0 0 0 0 0 0 0 0 0 0 0 0 0 0 0 0 0
0 0 0 0 0 0 0 0 0 0 0 0 0 0 0 0 0 0 0 0 0 0
0 0 0 0 0 0 0 0 0 0 0 0 0 0 0 0 0 0 0 0 0 0
0 0 0 0 0 0 0 0 0 0 0 0 0 0 0 0 0 0 0 0 0 0
0 0 0 0 0 0 0 0 0 0 0 0 0 0 0 0 0 0 0 0 0 0
0 0 0 0 0 0 0 0 0 0 0 0 0 0 0 0 0 0 0 0 0 0
0 0 0 0 0 0 0 0 0 0 0 0 0 0 0 0 0 0 0 0 0 0
25 27
1 1 1 4 14 36 12 39 22 32 2 32 1 1 2 4 21 50 10 56 2 47 13 49 1 1 3 3 33 38 8 35 9 42 1 1 4 5 30 75 36 78 6 78 9 75 31 78 1 1 5 3 25 45 4 42 19 40 1 1 6 3 17 76 14 77 37 72 1 1 7 5 28 78 32 79 20 73 27 78 30 79 1 1 8 5 11 76 4 82 12 74 24 79 18 72 1 1 9 4 28 77 14 76 12 73 35 75 1 1 10 5 19 53 39 53 16 55 29 49 9 57 1 1 11 4 40 70 7 68 14 74 10 65 1 1 12 3 18 78 24 81 3 73 1 1 13 4 12 72 18 77 23 67 31 69 1 1 14 5 15 79 1 76 27 80 30 83 37 79 1 1 15 3 31 56 16 59 9 52 1 1 16 3 18 61 9 66 13 55 1 1 17 3 28 64 22 63 40 65 1 1 18 3 9 66 6 69 40 66 1 1 19 4 13 31 18 30 5 32 34 26 1 1 20 5 30 47 12 46 10 48 18 53 29 50 1 1 21 3 21 34 6 36 35 36 2 1 22 3 31 36 3 34 11 39 1 23 2 26 55 3 58 1 1 24 3 7 46 1 44 22 44 1 1 25 4 16 64 22 68 5 67 32 59 2 1 26 4 2 65 3 66 13 64 5 69 1 27 4 4 78 40 75 1 78 14 77
0 0 0 0 0 0 0 0 0 0 0 0 0 0 0 0 0 0 0 0 0 0 0 0 0
0 0 0 0 0 0 0 0 0 0 0 0 0 0 0 0 0 0 0 0 0 0 0 0 0
0 0 0 0 0 0 0 0 0 0 0 0 0 0 0 0 0 0 0 0 0 0 0 0 0
0 0 0 0 0 0 0 0 0 0 0 0 0 0 0 0 0 0 0 0 0 0 0 0 0
0 0 0 0 0 0 0 0 0 0 0 0 0 0 0 0 0 0 0 0 0 0 0 0 0
0 0 0 0 0 0 0 0 0 0 0 0 0 0 0 0 0 0 0 0 0 0 0 0 0
0 0 0 0 0 0 0 0 0 0 0 0 0 0 0 0 0 0 0 0 0 0 0 0 0
0 0 0 0 0 0 0 0 0 0 0 0 0 0 0 0 0 0 0 0 0 0 0 0 0
0 0 0 0 0 0 0 0 0 0 0 0 0 0 0 0 0 0 0 0 0 0 0 0 0
0 0 0 0 0 0 0 0 0 0 0 0 0 0 0 0 0 0 0 0 0 0 0 0 0
0 0 0 0 0 0 0 0 0 0 0 0 0 0 0 0 0 0 0 0 0 0 0 0 0
0 0 0 0 0 0 0 0 0 0 0 0 0 0 0 0 0 0 0 0 0 0 0 0 0
0 0 0 0 0 0 0 0 0 0 0 0 0 0 0 0 0 0 0 0 0 0 0 0 0
0 0 0 0 0 0 0 0 0 0 0 0 0 0 0 0 0 0 0 0 0 0 0 0 0
0 0 0 0 0 0 0 0 0 0 0 0 0 0 0 0 0 0 0 0 0 0 0 0 0
0 0 0 0 0 0 0 0 0 0 0 0 0 0 0 0 0 0 0 0 0 0 0 0 0
0 0 0 0 0 0 0 0 0 0 0 0 0 0 0 0 0 0 0 0 0 0 0 0 0
0 0 0 0 0 0 0 0 0 0 0 0 0 0 0 0 0 0 0 0 0 0 0 0 0
0 0 0 0 0 0 0 0 0 0 0 0 0 0 0 0 0 0 0 0 0 0 0 0 0
0 0 0 0 0 0 0 0 0 0 0 0 0 0 0 0 0 0 0 0 0 0 0 0 0
0 0 0 0 0 0 0 0 0 0 0 0 0 0 0 0 0 0 0 0 0 0 0 0 0
0 0 0 0 0 0 0 0 0 0 0 0 0 0 0 0 0 0 0 0 0 0 0 0 0
0 0 0 0 0 0 0 0 0 0 0 0 0 0 0 0 0 0 0 0 0 0 0 0 0
0 0 0 0 0 0 0 0 0 0 0 0 0 0 0 0 0 0 0 0 0 0 0 0 0
0 0 0 0 0 0 0 0 0 0 0 0 0 0 0 0 0 0 0 0 0 0 0 0 0
21 24
1 1 1 4 38 80 22 77 6 76 19 82 1 1 2 4 5 66 21 64 6 68 33 64 1 1 3 5 1 79 6 80 35 81 2 83 33 80 1 1 4 5 7 78 1 76 25 74 10 73 40 82 2 1 5 3 30 62 33 58 14 66 1 6 2 38 35 24 35 1 1 7 3 22 35 2 32 37 32 1 1 8 5 10 54 5 57 27 49 20 59 31 60 1 1 9 4 22 68 5 69 11 68 2 72 2 1 10 5 11 55 5 60 20 58 39 57 15 61 1 11 3 6 76 38 70 32 71 1 1 12 5 36 71 19 75 24 73 11 71 17 70 1 1 13 4 13 35 20 40 34 31 22 36 1 1 14 2 33 47 18 44 1 1 15 4 18 45 6 48 7 45 17 43 1 1 16 2 5 30 21 33 1 1 17 3 25 37 26 32 10 42 1 1 18 3 21 43 39 47 26 39 1 1 19 3 2 36 39 39 16 34 2 1 20 2 37 80 40 80 1 21 4 24 70 14 65 29 70 8 67 1 1 22 4 2 56 9 50 30 55 24 55 1 1 23 5 24 78 21 83 22 78 3 82 1 83 1 1 24 4 26 52 2 53 3 54 8 51
0 0 0 0 0 0 0 0 0 0 0 0 0 0 0 0 0 0 0 0 0
0 0 0 0 0 0 0 0 0 0 0 0 0 0 0 0 0 0 0 0 0
0 0 0 0 0 0 0 0 0 0 0 0 0 0 0 0 0 0 0 0 0
0 0 0 0 0 0 0 0 0 0 0 0 0 0 0 0 0 0 0 0 0
0 0 0 0 0 0 0 0 0 0 0 0 0 0 0 0 0 0 0 0 0
0 0 0 0 0 0 0 0 0 0 0 0 0 0 0 0 0 0 0 0 0
0 0 0 0 0 0 0 0 0 0 0 0 0 0 0 0 0 0 0 0 0
0 0 0 0 0 0 0 0 0 0 0 0 0 0 0 0 0 0 0 0 0
0 0 0 0 0 0 0 0 0 0 0 0 0 0 0 0 0 0 0 0 0
0 0 0 0 0 0 0 0 0 0 0 0 0 0 0 0 0 0 0 0 0
0 0 0 0 0 0 0 0 0 0 0 0 0 0 0 0 0 0 0 0 0
0 0 0 0 0 0 0 0 0 0 0 0 0 0 0 0 0 0 0 0 0
0 0 0 0 0 0 0 0 0 0 0 0 0 0 0 0 0 0 0 0 0
0 0 0 0 0 0 0 0 0 0 0 0 0 0 0 0 0 0 0 0 0
0 0 0 0 0 0 0 0 0 0 0 0 0 0 0 0 0 0 0 0 0
0 0 0 0 0 0 0 0 0 0 0 0 0 0 0 0 0 0 0 0 0
0 0 0 0 0 0 0 0 0 0 0 0 0 0 0 0 0 0 0 0 0
0 0 0 0 0 0 0 0 0 0 0 0 0 0 0 0 0 0 0 0 0
0 0 0 0 0 0 0 0 0 0 0 0 0 0 0 0 0 0 0 0 0
0 0 0 0 0 0 0 0 0 0 0 0 0 0 0 0 0 0 0 0 0
0 0 0 0 0 0 0 0 0 0 0 0 0 0 0 0 0 0 0 0 0
24 26
1 1 1 3 28 37 24 37 4 37 1 1 2 3 27 56 8 57 10 57 1 1 3 4 32 61 33 61 14 67 29 57 1 1 4 5 19 47 39 45 32 46 23 45 15 48 1 1 5 3 5 52 34 49 16 48 1 1 6 4 19 65 36 62 27 70 24 69 1 1 7 5 23 73 19 69 11 69 34 71 28 74 1 1 8 4 27 62 13 64 7 64 17 60 1 1 9 4 7 76 23 76 38 75 33 73 2 1 10 3 24 49 31 51 10 52 1 11 4 27 80 32 83 40 83 12 78 2 1 12 3 26 47 13 50 30 44 1 13 4 11 63 39 62 25 61 38 64 1 1 14 3 26 51 3 55 15 56 1 1 15 3 34 37 9 33 1 42 1 1 16 4 24 51 28 52 6 50 3 52 1 1 17 4 24 73 8 73 13 70 4 76 1 1 18 5 10 41 6 42 21 43 30 46 3 41 1 1 19 4 24 35 14 34 21 36 13 38 1 1 20 3 25 38 16 42 12 33 1 1 21 5 2 75 15 79 5 75 38 80 37 76 1 1 22 5 19 71 26 73 16 74 35 72 31 67 1 1 23 3 17 59 21 61 31 61 1 1 24 4 7 40 35 44 25 38 31 42 1 1 25 5 26 53 20 58 27 47 33 55 18 56 1 1 26 4 15 55 12 54 10 58 3 59
0 0 0 0 0 0 0 0 0 0 0 0 0 0 0 0 0 0 0 0 0 0 0 0
0 0 0 0 0 0 0 0 0 0 0 0 0 0 0 0 0 0 0 0 0 0 0 0
0 0 0 0 0 0 0 0 0 0 0 0 0 0 0 0 0 0 0 0 0 0 0 0
0 0 0 0 0 0 0 0 0 0 0 0 0 0 0 0 0 0 0 0 0 0 0 0
0 0 0 0 0 0 0 0 0 0 0 0 0 0 0 0 0 0 0 0 0 0 0 0
0 0 0 0 0 0 0 0 0 0 0 0 0 0 0 0 0 0 0 0 0 0 0 0
0 0 0 0 0 0 0 0 0 0 0 0 0 0 0 0 0 0 0 0 0 0 0 0
0 0 0 0 0 0 0 0 0 0 0 0 0 0 0 0 0 0 0 0 0 0 0 0
0 0 0 0 0 0 0 0 0 0 0 0 0 0 0 0 0 0 0 0 0 0 0 0
0 0 0 0 0 0 0 0 0 0 0 0 0 0 0 0 0 0 0 0 0 0 0 0
0 0 0 0 0 0 0 0 0 0 0 0 0 0 0 0 0 0 0 0 0 0 0 0
0 0 0 0 0 0 0 0 0 0 0 0 0 0 0 0 0 0 0 0 0 0 0 0
0 0 0 0 0 0 0 0 0 0 0 0 0 0 0 0 0 0 0 0 0 0 0 0
0 0 0 0 0 0 0 0 0 0 0 0 0 0 0 0 0 0 0 0 0 0 0 0
0 0 0 0 0 0 0 0 0 0 0 0 0 0 0 0 0 0 0 0 0 0 0 0
0 0 0 0 0 0 0 0 0 0 0 0 0 0 0 0 0 0 0 0 0 0 0 0
0 0 0 0 0 0 0 0 0 0 0 0 0 0 0 0 0 0 0 0 0 0 0 0
0 0 0 0 0 0 0 0 0 0 0 0 0 0 0 0 0 0 0 0 0 0 0 0
0 0 0 0 0 0 0 0 0 0 0 0 0 0 0 0 0 0 0 0 0 0 0 0
0 0 0 0 0 0 0 0 0 0 0 0 0 0 0 0 0 0 0 0 0 0 0 0
0 0 0 0 0 0 0 0 0 0 0 0 0 0 0 0 0 0 0 0 0 0 0 0
0 0 0 0 0 0 0 0 0 0 0 0 0 0 0 0 0 0 0 0 0 0 0 0
0 0 0 0 0 0 0 0 0 0 0 0 0 0 0 0 0 0 0 0 0 0 0 0
0 0 0 0 0 0 0 0 0 0 0 0 0 0 0 0 0 0 0 0 0 0 0 0
25 27
1 1 1 5 37 36 13 41 16 36 1 36 8 34 1 1 2 3 25 58 6 54 29 61 1 1 3 3 4 66 14 69 16 62 1 1 4 4 9 59 32 57 10 61 40 64 1 1 5 4 17 55 33 51 35 53 24 51 1 1 6 3 21 49 16 52 39 45 1 1 7 4 33 36 28 37 37 33 5 34 1 1 8 4 12 40 11 39 20 37 28 40 1 1 9 4 6 76 31 76 7 76 27 78 1 1 10 4 33 41 15 42 4 46 1 35 1 1 11 4 33 51 37 53 32 46 6 45 1 1 12 3 12 55 39 56 20 53 1 1 13 2 22 64 25 71 1 1 14 3 24 45 19 42 11 42 1 1 15 5 37 58 5 55 19 62 22 59 38 56 2 1 16 4 39 66 36 60 10 65 32 69 1 17 3 18 55 20 52 23 55 1 1 18 3 12 36 28 36 31 34 1 1 19 3 40 58 36 57 12 54 1 1 20 5 12 37 26 34 10 34 18 37 29 41 2 1 21 5 39 55 13 51 23 55 29 53 4 52 1 22 3 14 62 38 58 21 61 1 1 23 3 24 50 11 53 39 49 1 1 24 4 6 68 23 69 10 67 7 66 1 1 25 5 36 76 34 73 35 74 14 74 5 80 1 1 26 4 20 56 21 53 17 54 28 55 1 1 27 3 31 46 33 45 26 47
0 0 0 0 0 0 0 0 0 0 0 0 0 0 0 0 0 0 0 0 0 0 0 0 0
0 0 0 0 0 0 0 0 0 0 0 0 0 0 0 0 0 0 0 0 0 0 0 0 0
0 0 0 0 0 0 0 0 0 0 0 0 0 0 0 0 0 0 0 0 0 0 0 0 0
0 0 0 0 0 0 0 0 0 0 0 0 0 0 0 0 0 0 0 0 0 0 0 0 0
0 0 0 0 0 0 0 0 0 0 0 0 0 0 0 0 0 0 0 0 0 0 0 0 0
0 0 0 0 0 0 0 0 0 0 0 0 0 0 0 0 0 0 0 0 0 0 0 0 0
0 0 0 0 0 0 0 0 0 0 0 0 0 0 0 0 0 0 0 0 0 0 0 0 0
0 0 0 0 0 0 0 0 0 0 0 0 0 0 0 0 0 0 0 0 0 0 0 0 0
0 0 0 0 0 0 0 0 0 0 0 0 0 0 0 0 0 0 0 0 0 0 0 0 0
0 0 0 0 0 0 0 0 0 0 0 0 0 0 0 0 0 0 0 0 0 0 0 0 0
0 0 0 0 0 0 0 0 0 0 0 0 0 0 0 0 0 0 0 0 0 0 0 0 0
0 0 0 0 0 0 0 0 0 0 0 0 0 0 0 0 0 0 0 0 0 0 0 0 0
0 0 0 0 0 0 0 0 0 0 0 0 0 0 0 0 0 0 0 0 0 0 0 0 0
0 0 0 0 0 0 0 0 0 0 0 0 0 0 0 0 0 0 0 0 0 0 0 0 0
0 0 0 0 0 0 0 0 0 0 0 0 0 0 0 0 0 0 0 0 0 0 0 0 0
0 0 0 0 0 0 0 0 0 0 0 0 0 0 0 0 0 0 0 0 0 0 0 0 0
0 0 0 0 0 0 0 0 0 0 0 0 0 0 0 0 0 0 0 0 0 0 0 0 0
0 0 0 0 0 0 0 0 0 0 0 0 0 0 0 0 0 0 0 0 0 0 0 0 0
0 0 0 0 0 0 0 0 0 0 0 0 0 0 0 0 0 0 0 0 0 0 0 0 0
0 0 0 0 0 0 0 0 0 0 0 0 0 0 0 0 0 0 0 0 0 0 0 0 0
0 0 0 0 0 0 0 0 0 0 0 0 0 0 0 0 0 0 0 0 0 0 0 0 0
0 0 0 0 0 0 0 0 0 0 0 0 0 0 0 0 0 0 0 0 0 0 0 0 0
0 0 0 0 0 0 0 0 0 0 0 0 0 0 0 0 0 0 0 0 0 0 0 0 0
0 0 0 0 0 0 0 0 0 0 0 0 0 0 0 0 0 0 0 0 0 0 0 0 0
0 0 0 0 0 0 0 0 0 0 0 0 0 0 0 0 0 0 0 0 0 0 0 0 0
27 29
1 1 1 3 18 80 26 76 1 79 1 1 2 3 5 64 2 61 28 62 1 1 3 4 8 33 14 32 25 33 3 36 1 1 4 4 25 79 38 77 30 81 17 75 1 1 5 4 25 76 17 75 15 72 31 70 2 1 6 3 29 34 26 36 1 38 1 7 5 31 79 17 76 40 78 28 80 25 75 1 1 8 4 38 52 17 53 10 52 11 45 1 1 9 4 17 51 29 49 21 48 37 55 1 1 10 4 4 36 24 41 36 39 11 34 1 1 11 3 18 34 40 34 15 36 1 1 12 3 38 65 15 71 19 68 1 1 13 4 38 60 29 57 40 60 28 62 2 1 14 4 4 43 36 43 12 40 23 42 1 15 4 23 66 9 68 31 61 30 64 1 1 16 4 9 69 40 69 15 69 31 73 1 1 17 4 28 48 39 52 29 51 16 52 1 1 18 4 12 34 29 37 7 35 36 35 1 1 19 3 8 52 12 58 31 55 1 1 20 3 32 69 16 65 14 74 1 1 21 4 28 75 14 75 31 73 4 76 1 1 22 4 39 56 18 57 3 55 36 56 1 1 23 3 33 58 3 53 19 59 1 1 24 4 35 40 28 37 32 35 17 35 1 1 25 4 38 53 28 50 14 55 29 54 1 1 26 2 11 56 13 57 1 1 27 3 1 76 23 73 30 72 1 1 28 3 36 45 8 48 17 42 1 1 29 3 5 68 4 69 36 64
0 0 0 0 0 0 0 0 0 0 0 0 0 0 0 0 0 0 0 0 0 0 0 0 0 0 0
0 0 0 0 0 0 0 0 0 0 0 0 0 0 0 0 0 0 0 0 0 0 0 0 0 0 0
0 0 0 0 0 0 0 0 0 0 0 0 0 0 0 0 0 0 0 0 0 0 0 0 0 0 0
0 0 0 0 0 0 0 0 0 0 0 0 0 0 0 0 0 0 0 0 0 0 0 0 0 0 0
0 0 0 0 0 0 0 0 0 0 0 0 0 0 0 0 0 0 0 0 0 0 0 0 0 0 0
0 0 0 0 0 0 0 0 0 0 0 0 0 0 0 0 0 0 0 0 0 0 0 0 0 0 0
0 0 0 0 0 0 0 0 0 0 0 0 0 0 0 0 0 0 0 0 0 0 0 0 0 0 0
0 0 0 0 0 0 0 0 0 0 0 0 0 0 0 0 0 0 0 0 0 0 0 0 0 0 0
0 0 0 0 0 0 0 0 0 0 0 0 0 0 0 0 0 0 0 0 0 0 0 0 0 0 0
0 0 0 0 0 0 0 0 0 0 0 0 0 0 0 0 0 0 0 0 0 0 0 0 0 0 0
0 0 0 0 0 0 0 0 0 0 0 0 0 0 0 0 0 0 0 0 0 0 0 0 0 0 0
0 0 0 0 0 0 0 0 0 0 0 0 0 0 0 0 0 0 0 0 0 0 0 0 0 0 0
0 0 0 0 0 0 0 0 0 0 0 0 0 0 0 0 0 0 0 0 0 0 0 0 0 0 0
0 0 0 0 0 0 0 0 0 0 0 0 0 0 0 0 0 0 0 0 0 0 0 0 0 0 0
0 0 0 0 0 0 0 0 0 0 0 0 0 0 0 0 0 0 0 0 0 0 0 0 0 0 0
0 0 0 0 0 0 0 0 0 0 0 0 0 0 0 0 0 0 0 0 0 0 0 0 0 0 0
0 0 0 0 0 0 0 0 0 0 0 0 0 0 0 0 0 0 0 0 0 0 0 0 0 0 0
0 0 0 0 0 0 0 0 0 0 0 0 0 0 0 0 0 0 0 0 0 0 0 0 0 0 0
0 0 0 0 0 0 0 0 0 0 0 0 0 0 0 0 0 0 0 0 0 0 0 0 0 0 0
0 0 0 0 0 0 0 0 0 0 0 0 0 0 0 0 0 0 0 0 0 0 0 0 0 0 0
0 0 0 0 0 0 0 0 0 0 0 0 0 0 0 0 0 0 0 0 0 0 0 0 0 0 0
0 0 0 0 0 0 0 0 0 0 0 0 0 0 0 0 0 0 0 0 0 0 0 0 0 0 0
0 0 0 0 0 0 0 0 0 0 0 0 0 0 0 0 0 0 0 0 0 0 0 0 0 0 0
0 0 0 0 0 0 0 0 0 0 0 0 0 0 0 0 0 0 0 0 0 0 0 0 0 0 0
0 0 0 0 0 0 0 0 0 0 0 0 0 0 0 0 0 0 0 0 0 0 0 0 0 0 0
0 0 0 0 0 0 0 0 0 0 0 0 0 0 0 0 0 0 0 0 0 0 0 0 0 0 0
0 0 0 0 0 0 0 0 0 0 0 0 0 0 0 0 0 0 0 0 0 0 0 0 0 0 0
28 30
1 1 1 4 25 62 39 63 28 64 2 67 1 1 2 4 11 32 7 33 6 35 39 29 1 1 3 5 28 36 32 40 10 36 38 36 8 34 1 1 4 5 30 79 32 84 25 73 23 74 37 78 1 1 5 4 25 44 13 44 21 46 39 46 1 1 6 4 28 75 21 73 40 76 13 78 1 1 7 5 34 70 6 70 25 72 21 74 20 76 1 1 8 4 3 42 31 45 14 43 6 39 1 1 9 3 9 74 8 68 40 77 1 1 10 3 11 80 14 78 26 75 1 1 11 4 31 68 11 72 14 65 25 73 1 1 12 4 26 68 38 63 10 69 22 72 1 1 13 3 27 48 37 51 15 51 1 1 14 4 25 79 21 82 7 79 19 80 1 1 15 2 28 56 4 57 1 1 16 3 17 33 16 32 27 30 1 1 17 5 24 55 40 59 36 60 9 57 29 52 2 1 18 2 37 52 18 55 1 19 5 6 61 5 60 24 63 40 64 12 64 1 1 20 3 33 48 36 48 25 50 1 1 21 4 15 71 19 67 28 70 26 74 1 1 22 3 13 69 1 72 19 67 1 1 23 4 4 41 31 41 7 43 16 39 1 1 24 3 22 51 18 56 28 55 2 1 25 5 11 42 29 43 19 45 26 46 22 42 1 26 3 20 53 6 57 15 55 1 1 27 5 27 46 39 43 4 50 18 48 32 43 1 1 28 4 9 42 30 38 21 46 4 40 1 1 29 4 18 73 27 69 20 75 30 79 1 1 30 5 29 76 27 80 30 81 17 79 35 75
0 0 0 0 0 0 0 0 0 0 0 0 0 0 0 0 0 0 0 0 0 0 0 0 0 0 0 0
0 0 0 0 0 0 0 0 0 0 0 0 0 0 0 0 0 0 0 0 0 0 0 0 0 0 0 0
0 0 0 0 0 0 0 0 0 0 0 0 0 0 0 0 0 0 0 0 0 0 0 0 0 0 0 0
0 0 0 0 0 0 0 0 0 0 0 0 0 0 0 0 0 0 0 0 0 0 0 0 0 0 0 0
0 0 0 0 0 0 0 0 0 0 0 0 0 0 0 0 0 0 0 0 0 0 0 0 0 0 0 0
0 0 0 0 0 0 0 0 0 0 0 0 0 0 0 0 0 0 0 0 0 0 0 0 0 0 0 0
0 0 0 0 0 0 0 0 0 0 0 0 0 0 0 0 0 0 0 0 0 0 0 0 0 0 0 0
0 0 0 0 0 0 0 0 0 0 0 0 0 0 0 0 0 0 0 0 0 0 0 0 0 0 0 0
0 0 0 0 0 0 0 0 0 0 0 0 0 0 0 0 0 0 0 0 0 0 0 0 0 0 0 0
0 0 0 0 0 0 0 0 0 0 0 0 0 0 0 0 0 0 0 0 0 0 0 0 0 0 0 0
0 0 0 0 0 0 0 0 0 0 0 0 0 0 0 0 0 0 0 0 0 0 0 0 0 0 0 0
0 0 0 0 0 0 0 0 0 0 0 0 0 0 0 0 0 0 0 0 0 0 0 0 0 0 0 0
0 0 0 0 0 0 0 0 0 0 0 0 0 0 0 0 0 0 0 0 0 0 0 0 0 0 0 0
0 0 0 0 0 0 0 0 0 0 0 0 0 0 0 0 0 0 0 0 0 0 0 0 0 0 0 0
0 0 0 0 0 0 0 0 0 0 0 0 0 0 0 0 0 0 0 0 0 0 0 0 0 0 0 0
0 0 0 0 0 0 0 0 0 0 0 0 0 0 0 0 0 0 0 0 0 0 0 0 0 0 0 0
0 0 0 0 0 0 0 0 0 0 0 0 0 0 0 0 0 0 0 0 0 0 0 0 0 0 0 0
0 0 0 0 0 0 0 0 0 0 0 0 0 0 0 0 0 0 0 0 0 0 0 0 0 0 0 0
0 0 0 0 0 0 0 0 0 0 0 0 0 0 0 0 0 0 0 0 0 0 0 0 0 0 0 0
0 0 0 0 0 0 0 0 0 0 0 0 0 0 0 0 0 0 0 0 0 0 0 0 0 0 0 0
0 0 0 0 0 0 0 0 0 0 0 0 0 0 0 0 0 0 0 0 0 0 0 0 0 0 0 0
0 0 0 0 0 0 0 0 0 0 0 0 0 0 0 0 0 0 0 0 0 0 0 0 0 0 0 0
0 0 0 0 0 0 0 0 0 0 0 0 0 0 0 0 0 0 0 0 0 0 0 0 0 0 0 0
0 0 0 0 0 0 0 0 0 0 0 0 0 0 0 0 0 0 0 0 0 0 0 0 0 0 0 0
0 0 0 0 0 0 0 0 0 0 0 0 0 0 0 0 0 0 0 0 0 0 0 0 0 0 0 0
0 0 0 0 0 0 0 0 0 0 0 0 0 0 0 0 0 0 0 0 0 0 0 0 0 0 0 0
0 0 0 0 0 0 0 0 0 0 0 0 0 0 0 0 0 0 0 0 0 0 0 0 0 0 0 0
0 0 0 0 0 0 0 0 0 0 0 0 0 0 0 0 0 0 0 0 0 0 0 0 0 0 0 0
20 22
1 1 1 3 20 51 26 46 6 55 1 1 2 4 31 59 5 57 12 62 27 57 1 1 3 4 2 52 34 50 8 50 11 51 2 1 4 4 7 64 15 64 21 68 22 65 1 5 4 1 59 32 55 6 60 19 63 1 1 6 3 19 45 9 45 21 46 1 1 7 4 11 43 1 43 17 47 33 42 1 1 8 5 31 55 6 58 13 55 34 54 37 52 1 1 9 4 21 51 34 49 6 53 19 55 1 1 10 5 18 48 14 45 28 46 5 49 11 51 1 1 11 4 5 33 34 33 30 33 20 39 1 1 12 5 40 36 20 34 28 38 9 36 3 38 1 1 13 3 34 56 4 56 25 56 1 1 14 5 3 77 38 76 10 78 15 77 33 79 1 1 15 3 22 40 14 35 6 42 1 1 16 3 6 31 27 33 32 27 1 1 17 5 39 80 38 81 10 83 32 77 2 76 1 1 18 5 20 54 7 52 39 52 17 50 19 50 1 1 19 4 18 65 8 66 20 59 16 60 1 1 20 3 23 39 2 36 20 36 2 1 21 4 3 57 40 53 8 56 30 57 1 22 5 39 56 3 59 28 61 26 54 38 57
0 0 0 0 0 0 0 0 0 0 0 0 0 0 0 0 0 0 0 0
0 0 0 0 0 0 0 0 0 0 0 0 0 0 0 0 0 0 0 0
0 0 0 0 0 0 0 0 0 0 0 0 0 0 0 0 0 0 0 0
0 0 0 0 0 0 0 0 0 0 0 0 0 0 0 0 0 0 0 0
0 0 0 0 0 0 0 0 0 0 0 0 0 0 0 0 0 0 0 0
0 0 0 0 0 0 0 0 0 0 0 0 0 0 0 0 0 0 0 0
0 0 0 0 0 0 0 0 0 0 0 0 0 0 0 0 0 0 0 0
0 0 0 0 0 0 0 0 0 0 0 0 0 0 0 0 0 0 0 0
0 0 0 0 0 0 0 0 0 0 0 0 0 0 0 0 0 0 0 0
0 0 0 0 0 0 0 0 0 0 0 0 0 0 0 0 0 0 0 0
0 0 0 0 0 0 0 0 0 0 0 0 0 0 0 0 0 0 0 0
0 0 0 0 0 0 0 0 0 0 0 0 0 0 0 0 0 0 0 0
0 0 0 0 0 0 0 0 0 0 0 0 0 0 0 0 0 0 0 0
0 0 0 0 0 0 0 0 0 0 0 0 0 0 0 0 0 0 0 0
0 0 0 0 0 0 0 0 0 0 0 0 0 0 0 0 0 0 0 0
0 0 0 0 0 0 0 0 0 0 0 0 0 0 0 0 0 0 0 0
0 0 0 0 0 0 0 0 0 0 0 0 0 0 0 0 0 0 0 0
0 0 0 0 0 0 0 0 0 0 0 0 0 0 0 0 0 0 0 0
0 0 0 0 0 0 0 0 0 0 0 0 0 0 0 0 0 0 0 0
0 0 0 0 0 0 0 0 0 0 0 0 0 0 0 0 0 0 0 0
21 23
1 1 1 4 7 61 27 61 23 64 31 59 1 1 2 5 40 50 33 56 4 45 11 46 9 54 1 1 3 5 18 55 37 50 40 56 21 59 14 58 1 1 4 3 4 71 25 74 8 66 1 1 5 4 36 59 23 59 29 57 18 65 1 1 6 3 18 50 1 52 7 46 1 1 7 4 28 66 20 65 35 63 31 64 1 1 8 5 38 74 27 74 11 69 15 77 16 76 1 1 9 4 32 46 13 48 40 45 8 45 1 1 10 4 33 43 18 38 13 46 3 43 1 1 11 4 7 31 32 35 31 33 26 37 1 1 12 5 31 38 21 40 24 37 28 37 3 38 1 1 13 3 9 49 28 49 33 44 1 1 14 4 34 51 22 49 38 54 27 51 1 1 15 4 2 37 24 39 38 39 10 38 1 1 16 4 7 67 33 68 18 70 14 63 2 1 17 4 17 73 23 71 18 75 7 78 1 18 4 16 39 9 41 24 42 11 38 1 1 19 3 29 64 12 69 4 65 1 1 20 5 25 37 2 39 19 39 30 35 8 34 2 1 21 5 29 65 35 71 38 64 14 65 32 66 1 22 4 16 69 9 70 20 64 30 71 1 1 23 4 8 60 18 57 12 60 5 61
0 0 0 0 0 0 0 0 0 0 0 0 0 0 0 0 0 0 0 0 0
0 0 0 0 0 0 0 0 0 0 0 0 0 0 0 0 0 0 0 0 0
0 0 0 0 0 0 0 0 0 0 0 0 0 0 0 0 0 0 0 0 0
0 0 0 0 0 0 0 0 0 0 0 0 0 0 0 0 0 0 0 0 0
0 0 0 0 0 0 0 0 0 0 0 0 0 0 0 0 0 0 0 0 0
0 0 0 0 0 0 0 0 0 0 0 0 0 0 0 0 0 0 0 0 0
0 0 0 0 0 0 0 0 0 0 0 0 0 0 0 0 0 0 0 0 0
0 0 0 0 0 0 0 0 0 0 0 0 0 0 0 0 0 0 0 0 0
0 0 0 0 0 0 0 0 0 0 0 0 0 0 0 0 0 0 0 0 0
0 0 0 0 0 0 0 0 0 0 0 0 0 0 0 0 0 0 0 0 0
0 0 0 0 0 0 0 0 0 0 0 0 0 0 0 0 0 0 0 0 0
0 0 0 0 0 0 0 0 0 0 0 0 0 0 0 0 0 0 0 0 0
0 0 0 0 0 0 0 0 0 0 0 0 0 0 0 0 0 0 0 0 0
0 0 0 0 0 0 0 0 0 0 0 0 0 0 0 0 0 0 0 0 0
0 0 0 0 0 0 0 0 0 0 0 0 0 0 0 0 0 0 0 0 0
0 0 0 0 0 0 0 0 0 0 0 0 0 0 0 0 0 0 0 0 0
0 0 0 0 0 0 0 0 0 0 0 0 0 0 0 0 0 0 0 0 0
0 0 0 0 0 0 0 0 0 0 0 0 0 0 0 0 0 0 0 0 0
0 0 0 0 0 0 0 0 0 0 0 0 0 0 0 0 0 0 0 0 0
0 0 0 0 0 0 0 0 0 0 0 0 0 0 0 0 0 0 0 0 0
0 0 0 0 0 0 0 0 0 0 0 0 0 0 0 0 0 0 0 0 0
27 29
1 1 1 4 33 69 34 69 35 68 20 72 1 1 2 3 1 59 29 58 30 63 1 1 3 4 19 37 6 35 35 35 16 40 1 1 4 3 1 62 40 66 4 63 2 1 5 4 11 62 36 68 28 63 31 64 1 6 3 13 47 12 41 10 50 1 1 7 3 28 66 5 63 25 67 1 1 8 4 9 34 14 32 31 30 33 34 1 1 9 5 2 68 19 70 7 73 9 68 21 73 1 1 10 3 27 41 40 39 26 45 1 1 11 2 40 27 29 31 1 1 12 2 36 74 26 81 1 1 13 4 16 81 31 83 1 75 39 82 1 1 14 3 13 64 35 64 31 65 1 1 15 3 8 42 11 38 23 45 1 1 16 4 21 34 15 39 19 31 14 38 1 1 17 3 33 71 27 70 3 75 1 1 18 4 7 79 14 76 32 81 26 79 1 1 19 4 11 51 29 54 14 52 28 48 1 1 20 4 24 38 9 38 12 31 1 37 1 1 21 3 19 48 6 49 36 52 1 1 22 5 37 75 24 71 40 75 20 72 21 72 1 1 23 4 10 43 1 38 39 49 24 41 1 1 24 2 12 49 26 37 1 1 25 5 34 52 3 50 11 52 21 54 16 49 2 1 26 4 20 56 38 60 13 57 10 60 1 27 3 18 34 26 35 11 36 1 1 28 5 4 74 9 69 22 73 26 71 27 73 1 1 29 5 25 57 4 54 22 56 11 56 39 62
0 0 0 0 0 0 0 0 0 0 0 0 0 0 0 0 0 0 0 0 0 0 0 0 0 0 0
0 0 0 0 0 0 0 0 0 0 0 0 0 0 0 0 0 0 0 0 0 0 0 0 0 0 0
0 0 0 0 0 0 0 0 0 0 0 0 0 0 0 0 0 0 0 0 0 0 0 0 0 0 0
0 0 0 0 0 0 0 0 0 0 0 0 0 0 0 0 0 0 0 0 0 0 0 0 0 0 0
0 0 0 0 0 0 0 0 0 0 0 0 0 0 0 0 0 0 0 0 0 0 0 0 0 0 0
0 0 0 0 0 0 0 0 0 0 0 0 0 0 0 0 0 0 0 0 0 0 0 0 0 0 0
0 0 0 0 0 0 0 0 0 0 0 0 0 0 0 0 0 0 0 0 0 0 0 0 0 0 0
0 0 0 0 0 0 0 0 0 0 0 0 0 0 0 0 0 0 0 0 0 0 0 0 0 0 0
0 0 0 0 0 0 0 0 0 0 0 0 0 0 0 0 0 0 0 0 0 0 0 0 0 0 0
0 0 0 0 0 0 0 0 0 0 0 0 0 0 0 0 0 0 0 0 0 0 0 0 0 0 0
0 0 0 0 0 0 0 0 0 0 0 0 0 0 0 0 0 0 0 0 0 0 0 0 0 0 0
0 0 0 0 0 0 0 0 0 0 0 0 0 0 0 0 0 0 0 0 0 0 0 0 0 0 0
0 0 0 0 0 0 0 0 0 0 0 0 0 0 0 0 0 0 0 0 0 0 0 0 0 0 0
0 0 0 0 0 0 0 0 0 0 0 0 0 0 0 0 0 0 0 0 0 0 0 0 0 0 0
0 0 0 0 0 0 0 0 0 0 0 0 0 0 0 0 0 0 0 0 0 0 0 0 0 0 0
0 0 0 0 0 0 0 0 0 0 0 0 0 0 0 0 0 0 0 0 0 0 0 0 0 0 0
0 0 0 0 0 0 0 0 0 0 0 0 0 0 0 0 0 0 0 0 0 0 0 0 0 0 0
0 0 0 0 0 0 0 0 0 0 0 0 0 0 0 0 0 0 0 0 0 0 0 0 0 0 0
0 0 0 0 0 0 0 0 0 0 0 0 0 0 0 0 0 0 0 0 0 0 0 0 0 0 0
0 0 0 0 0 0 0 0 0 0 0 0 0 0 0 0 0 0 0 0 0 0 0 0 0 0 0
0 0 0 0 0 0 0 0 0 0 0 0 0 0 0 0 0 0 0 0 0 0 0 0 0 0 0
0 0 0 0 0 0 0 0 0 0 0 0 0 0 0 0 0 0 0 0 0 0 0 0 0 0 0
0 0 0 0 0 0 0 0 0 0 0 0 0 0 0 0 0 0 0 0 0 0 0 0 0 0 0
0 0 0 0 0 0 0 0 0 0 0 0 0 0 0 0 0 0 0 0 0 0 0 0 0 0 0
0 0 0 0 0 0 0 0 0 0 0 0 0 0 0 0 0 0 0 0 0 0 0 0 0 0 0
0 0 0 0 0 0 0 0 0 0 0 0 0 0 0 0 0 0 0 0 0 0 0 0 0 0 0
0 0 0 0 0 0 0 0 0 0 0 0 0 0 0 0 0 0 0 0 0 0 0 0 0 0 0
20 23
1 1 1 4 5 75 6 73 27 77 17 71 1 1 2 3 26 51 15 48 38 53 1 1 3 3 40 61 8 64 11 57 2 1 4 4 11 76 12 70 33 77 39 69 1 5 5 33 33 23 33 7 35 17 37 39 38 1 1 6 3 35 73 38 70 7 69 1 1 7 3 27 32 15 31 37 26 1 1 8 5 7 38 24 36 32 40 40 42 8 37 1 1 9 4 36 77 17 75 18 80 2 77 2 1 10 3 38 78 35 77 9 77 1 11 4 35 53 19 53 16 51 1 53 1 1 12 3 36 39 34 37 21 43 1 1 13 3 4 46 35 46 23 49 1 1 14 5 39 37 24 34 34 32 30 41 7 40 1 1 15 4 16 50 33 45 40 47 9 52 1 1 16 3 7 66 11 64 24 61 2 1 17 4 21 75 5 70 30 78 10 80 1 18 3 15 35 40 32 3 40 1 1 19 4 16 55 35 50 37 51 28 51 1 1 20 4 21 67 26 72 7 62 29 67 1 1 21 3 21 64 6 64 3 62 1 1 22 5 33 31 30 34 31 29 29 32 37 33 1 1 23 3 33 37 17 35 40 42
0 0 0 0 0 0 0 0 0 0 0 0 0 0 0 0 0 0 0 0
0 0 0 0 0 0 0 0 0 0 0 0 0 0 0 0 0 0 0 0
0 0 0 0 0 0 0 0 0 0 0 0 0 0 0 0 0 0 0 0
0 0 0 0 0 0 0 0 0 0 0 0 0 0 0 0 0 0 0 0
0 0 0 0 0 0 0 0 0 0 0 0 0 0 0 0 0 0 0 0
0 0 0 0 0 0 0 0 0 0 0 0 0 0 0 0 0 0 0 0
0 0 0 0 0 0 0 0 0 0 0 0 0 0 0 0 0 0 0 0
0 0 0 0 0 0 0 0 0 0 0 0 0 0 0 0 0 0 0 0
0 0 0 0 0 0 0 0 0 0 0 0 0 0 0 0 0 0 0 0
0 0 0 0 0 0 0 0 0 0 0 0 0 0 0 0 0 0 0 0
0 0 0 0 0 0 0 0 0 0 0 0 0 0 0 0 0 0 0 0
0 0 0 0 0 0 0 0 0 0 0 0 0 0 0 0 0 0 0 0
0 0 0 0 0 0 0 0 0 0 0 0 0 0 0 0 0 0 0 0
0 0 0 0 0 0 0 0 0 0 0 0 0 0 0 0 0 0 0 0
0 0 0 0 0 0 0 0 0 0 0 0 0 0 0 0 0 0 0 0
0 0 0 0 0 0 0 0 0 0 0 0 0 0 0 0 0 0 0 0
0 0 0 0 0 0 0 0 0 0 0 0 0 0 0 0 0 0 0 0
0 0 0 0 0 0 0 0 0 0 0 0 0 0 0 0 0 0 0 0
0 0 0 0 0 0 0 0 0 0 0 0 0 0 0 0 0 0 0 0
0 0 0 0 0 0 0 0 0 0 0 0 0 0 0 0 0 0 0 0
25 28
1 1 1 3 39 72 19 73 33 70 1 1 2 3 28 40 37 36 3 41 1 1 3 3 36 31 37 31 27 34 1 1 4 4 1 51 34 54 19 52 31 46 1 1 5 3 13 32 19 31 38 38 1 1 6 2 9 32 28 37 1 1 7 4 11 42 37 46 24 38 35 41 1 1 8 4 38 70 25 70 33 65 20 61 1 1 9 5 16 78 14 81 3 73 36 73 7 79 1 1 10 3 14 74 13 68 38 75 2 1 11 3 4 76 28 81 20 73 1 12 3 8 45 39 45 10 49 1 1 13 3 21 59 22 61 37 59 1 1 14 5 7 59 33 54 36 56 2 58 14 59 1 1 15 4 21 69 5 66 16 66 18 64 1 1 16 3 33 57 38 59 16 63 1 1 17 4 1 71 8 68 22 74 15 73 1 1 18 4 2 40 13 42 10 44 14 42 1 1 19 4 21 73 30 72 13 78 27 67 1 1 20 5 4 40 10 44 30 38 7 43 35 42 2 1 21 5 36 72 33 72 32 73 24 73 39 68 1 22 3 31 59 3 51 6 54 1 1 23 5 12 48 20 50 39 52 35 44 14 43 1 1 24 3 34 57 23 58 31 55 1 1 25 3 36 48 32 45 40 45 2 1 26 3 10 34 9 30 34 36 1 27 3 1 68 30 70 29 72 1 1 28 4 6 54 11 51 7 54 38 52
0 0 0 0 0 0 0 0 0 0 0 0 0 0 0 0 0 0 0 0 0 0 0 0 0
0 0 0 0 0 0 0 0 0 0 0 0 0 0 0 0 0 0 0 0 0 0 0 0 0
0 0 0 0 0 0 0 0 0 0 0 0 0 0 0 0 0 0 0 0 0 0 0 0 0
0 0 0 0 0 0 0 0 0 0 0 0 0 0 0 0 0 0 0 0 0 0 0 0 0
0 0 0 0 0 0 0 0 0 0 0 0 0 0 0 0 0 0 0 0 0 0 0 0 0
0 0 0 0 0 0 0 0 0 0 0 0 0 0 0 0 0 0 0 0 0 0 0 0 0
0 0 0 0 0 0 0 0 0 0 0 0 0 0 0 0 0 0 0 0 0 0 0 0 0
0 0 0 0 0 0 0 0 0 0 0 0 0 0 0 0 0 0 0 0 0 0 0 0 0
0 0 0 0 0 0 0 0 0 0 0 0 0 0 0 0 0 0 0 0 0 0 0 0 0
0 0 0 0 0 0 0 0 0 0 0 0 0 0 0 0 0 0 0 0 0 0 0 0 0
0 0 0 0 0 0 0 0 0 0 0 0 0 0 0 0 0 0 0 0 0 0 0 0 0
0 0 0 0 0 0 0 0 0 0 0 0 0 0 0 0 0 0 0 0 0 0 0 0 0
0 0 0 0 0 0 0 0 0 0 0 0 0 0 0 0 0 0 0 0 0 0 0 0 0
0 0 0 0 0 0 0 0 0 0 0 0 0 0 0 0 0 0 0 0 0 0 0 0 0
0 0 0 0 0 0 0 0 0 0 0 0 0 0 0 0 0 0 0 0 0 0 0 0 0
0 0 0 0 0 0 0 0 0 0 0 0 0 0 0 0 0 0 0 0 0 0 0 0 0
0 0 0 0 0 0 0 0 0 0 0 0 0 0 0 0 0 0 0 0 0 0 0 0 0
0 0 0 0 0 0 0 0 0 0 0 0 0 0 0 0 0 0 0 0 0 0 0 0 0
0 0 0 0 0 0 0 0 0 0 0 0 0 0 0 0 0 0 0 0 0 0 0 0 0
0 0 0 0 0 0 0 0 0 0 0 0 0 0 0 0 0 0 0 0 0 0 0 0 0
0 0 0 0 0 0 0 0 0 0 0 0 0 0 0 0 0 0 0 0 0 0 0 0 0
0 0 0 0 0 0 0 0 0 0 0 0 0 0 0 0 0 0 0 0 0 0 0 0 0
0 0 0 0 0 0 0 0 0 0 0 0 0 0 0 0 0 0 0 0 0 0 0 0 0
0 0 0 0 0 0 0 0 0 0 0 0 0 0 0 0 0 0 0 0 0 0 0 0 0
0 0 0 0 0 0 0 0 0 0 0 0 0 0 0 0 0 0 0 0 0 0 0 0 0
27 29
1 1 1 5 26 80 33 76 14 78 28 79 24 85 1 1 2 4 20 65 8 62 38 68 12 67 2 1 3 3 15 50 28 49 24 46 1 4 5 8 79 19 82 29 75 13 78 10 78 1 1 5 4 20 71 9 71 31 73 8 68 1 1 6 2 38 41 3 45 1 1 7 4 20 69 14 71 13 63 2 66 1 1 8 2 35 62 11 55 1 1 9 5 40 67 3 69 29 62 16 63 1 68 1 1 10 5 7 79 3 83 30 82 33 76 37 85 1 1 11 3 6 43 19 41 29 41 1 1 12 3 15 68 27 69 12 64 1 1 13 5 22 48 4 53 19 49 3 50 11 50 1 1 14 3 39 67 17 67 28 72 1 1 15 4 14 36 30 42 20 33 5 32 1 1 16 4 3 71 5 77 30 70 20 69 2 1 17 2 20 66 11 67 1 18 5 13 68 8 67 15 72 38 64 4 73 1 1 19 5 5 48 20 47 17 50 40 52 11 46 1 1 20 5 18 71 12 75 17
 72 3 74 40 73 1 1 21 4 36 45 16 34 20 34 28 43 1 1 22 5 20 52 13 57 38 53 39 50 10 52 1 1 23 4 11 64 7 68 40 63 13 68 1 1 24 5 30 57 18 51 27 59 37 55 20 61 1 1 25 4 3 65 8 64 40 63 22 64 1 1 26 3 7 48 8 44 25 54 1 1 27 3 29 32 16 28 23 31 1 1 28 3 2 37 25 39 9 43 1 1 29 4 16 42 34 39 20 43 37 42
0 0 0 0 0 0 0 0 0 0 0 0 0 0 0 0 0 0 0 0 0 0 0 0 0 0 0
0 0 0 0 0 0 0 0 0 0 0 0 0 0 0 0 0 0 0 0 0 0 0 0 0 0 0
0 0 0 0 0 0 0 0 0 0 0 0 0 0 0 0 0 0 0 0 0 0 0 0 0 0 0
0 0 0 0 0 0 0 0 0 0 0 0 0 0 0 0 0 0 0 0 0 0 0 0 0 0 0
0 0 0 0 0 0 0 0 0 0 0 0 0 0 0 0 0 0 0 0 0 0 0 0 0 0 0
0 0 0 0 0 0 0 0 0 0 0 0 0 0 0 0 0 0 0 0 0 0 0 0 0 0 0
0 0 0 0 0 0 0 0 0 0 0 0 0 0 0 0 0 0 0 0 0 0 0 0 0 0 0
0 0 0 0 0 0 0 0 0 0 0 0 0 0 0 0 0 0 0 0 0 0 0 0 0 0 0
0 0 0 0 0 0 0 0 0 0 0 0 0 0 0 0 0 0 0 0 0 0 0 0 0 0 0
0 0 0 0 0 0 0 0 0 0 0 0 0 0 0 0 0 0 0 0 0 0 0 0 0 0 0
0 0 0 0 0 0 0 0 0 0 0 0 0 0 0 0 0 0 0 0 0 0 0 0 0 0 0
0 0 0 0 0 0 0 0 0 0 0 0 0 0 0 0 0 0 0 0 0 0 0 0 0 0 0
0 0 0 0 0 0 0 0 0 0 0 0 0 0 0 0 0 0 0 0 0 0 0 0 0 0 0
0 0 0 0 0 0 0 0 0 0 0 0 0 0 0 0 0 0 0 0 0 0 0 0 0 0 0
0 0 0 0 0 0 0 0 0 0 0 0 0 0 0 0 0 0 0 0 0 0 0 0 0 0 0
0 0 0 0 0 0 0 0 0 0 0 0 0 0 0 0 0 0 0 0 0 0 0 0 0 0 0
0 0 0 0 0 0 0 0 0 0 0 0 0 0 0 0 0 0 0 0 0 0 0 0 0 0 0
0 0 0 0 0 0 0 0 0 0 0 0 0 0 0 0 0 0 0 0 0 0 0 0 0 0 0
0 0 0 0 0 0 0 0 0 0 0 0 0 0 0 0 0 0 0 0 0 0 0 0 0 0 0
0 0 0 0 0 0 0 0 0 0 0 0 0 0 0 0 0 0 0 0 0 0 0 0 0 0 0
0 0 0 0 0 0 0 0 0 0 0 0 0 0 0 0 0 0 0 0 0 0 0 0 0 0 0
0 0 0 0 0 0 0 0 0 0 0 0 0 0 0 0 0 0 0 0 0 0 0 0 0 0 0
0 0 0 0 0 0 0 0 0 0 0 0 0 0 0 0 0 0 0 0 0 0 0 0 0 0 0
0 0 0 0 0 0 0 0 0 0 0 0 0 0 0 0 0 0 0 0 0 0 0 0 0 0 0
0 0 0 0 0 0 0 0 0 0 0 0 0 0 0 0 0 0 0 0 0 0 0 0 0 0 0
0 0 0 0 0 0 0 0 0 0 0 0 0 0 0 0 0 0 0 0 0 0 0 0 0 0 0
0 0 0 0 0 0 0 0 0 0 0 0 0 0 0 0 0 0 0 0 0 0 0 0 0 0 0
18 21
1 1 1 4 31 70 27 74 15 71 1 71 1 1 2 4 4 68 15 65 9 65 19 65 2 1 3 5 23 78 40 83 25 74 1 75 29 77 1 4 5 32 52 33 50 11 52 2 48 6 57 1 1 5 4 35 50 24 44 22 49 3 56 1 1 6 4 37 71 6 75 18 73 26 73 1 1 7 4 10 79 16 80 8 76 13 79 1 1 8 5 23 77 32 75 18 78 22 74 16 73 1 1 9 4 14 43 12 47 15 44 25 48 1 1 10 3 14 67 16 64 19 68 1 1 11 3 20 36 14 32 24 37 1 1 12 5 30 48 32 47 39 47 40 51 14 54 1 1 13 4 30 31 40 31 32 33 19 27 1 1 14 4 6 70 39 76 24 64 22 68 2 1 15 4 26 79 29 80 22 81 17 75 1 16 4 21 33 3 35 40 29 15 32 1 1 17 4 12 55 24 57 34 54 27 52 2 1 18 3 16 32 35 30 8 27 1 19 5 36 58 12 56 39 53 16 57 2 55 1 1 20 4 8 33 13 32 6 29 28 38 1 1 21 3 4 66 6 68 3 72
0 0 0 0 0 0 0 0 0 0 0 0 0 0 0 0 0 0
0 0 0 0 0 0 0 0 0 0 0 0 0 0 0 0 0 0
0 0 0 0 0 0 0 0 0 0 0 0 0 0 0 0 0 0
0 0 0 0 0 0 0 0 0 0 0 0 0 0 0 0 0 0
0 0 0 0 0 0 0 0 0 0 0 0 0 0 0 0 0 0
0 0 0 0 0 0 0 0 0 0 0 0 0 0 0 0 0 0
0 0 0 0 0 0 0 0 0 0 0 0 0 0 0 0 0 0
0 0 0 0 0 0 0 0 0 0 0 0 0 0 0 0 0 0
0 0 0 0 0 0 0 0 0 0 0 0 0 0 0 0 0 0
0 0 0 0 0 0 0 0 0 0 0 0 0 0 0 0 0 0
0 0 0 0 0 0 0 0 0 0 0 0 0 0 0 0 0 0
0 0 0 0 0 0 0 0 0 0 0 0 0 0 0 0 0 0
0 0 0 0 0 0 0 0 0 0 0 0 0 0 0 0 0 0
0 0 0 0 0 0 0 0 0 0 0 0 0 0 0 0 0 0
0 0 0 0 0 0 0 0 0 0 0 0 0 0 0 0 0 0
0 0 0 0 0 0 0 0 0 0 0 0 0 0 0 0 0 0
0 0 0 0 0 0 0 0 0 0 0 0 0 0 0 0 0 0
0 0 0 0 0 0 0 0 0 0 0 0 0 0 0 0 0 0
24 27
1 1 1 4 12 74 19 73 4 78 3 69 1 1 2 4 24 42 3 46 26 38 9 44 1 1 3 5 8 58 3 63 7 62 9 58 25 57 2 1 4 3 38 35 6 30 28 33 1 5 4 33 52 40 50 25 51 9 53 1 1 6 4 20 71 22 70 16 77 9 74 1 1 7 4 7 61 11 56 13 59 12 55 1 1 8 5 35 47 7 45 26 47 11 52 20 42 1 1 9 4 18 60 21 57 38 56 27 62 1 1 10 5 27 60 10 55 39 63 24 59 34 58 2 1 11 3 1 53 38 54 12 56 1 12 5 36 72 34 68 22 72 38 69 32 68 1 1 13 5 30 68 31 67 4 65 21 73 32 67 1 1 14 4 29 72 31 78 36 75 34 78 1 1 15 3 29 40 34 42 39 38 1 1 16 4 24 58 8 59 38 55 32 57 1 1 17 3 10 43 18 39 28 45 1 1 18 5 12 42 11 41 39 45 7 46 40 43 1 1 19 4 22 37 14 37 3 40 23 34 1 1 20 5 11 52 25 54 33 54 18 55 5 52 1 1 21 3 2 43 32 45 12 41 1 1 22 5 37 79 23 76 20 76 38 76 33 79 1 1 23 3 13 46 38 43 1 45 1 1 24 4 16 78 29 74 30 79 39 81 1 1 25 3 23 50 27 52 13 49 2 1 26 3 11 63 3 62 17 60 1 27 3 23 34 28 32 9 34
0 0 0 0 0 0 0 0 0 0 0 0 0 0 0 0 0 0 0 0 0 0 0 0
0 0 0 0 0 0 0 0 0 0 0 0 0 0 0 0 0 0 0 0 0 0 0 0
0 0 0 0 0 0 0 0 0 0 0 0 0 0 0 0 0 0 0 0 0 0 0 0
0 0 0 0 0 0 0 0 0 0 0 0 0 0 0 0 0 0 0 0 0 0 0 0
0 0 0 0 0 0 0 0 0 0 0 0 0 0 0 0 0 0 0 0 0 0 0 0
0 0 0 0 0 0 0 0 0 0 0 0 0 0 0 0 0 0 0 0 0 0 0 0
0 0 0 0 0 0 0 0 0 0 0 0 0 0 0 0 0 0 0 0 0 0 0 0
0 0 0 0 0 0 0 0 0 0 0 0 0 0 0 0 0 0 0 0 0 0 0 0
0 0 0 0 0 0 0 0 0 0 0 0 0 0 0 0 0 0 0 0 0 0 0 0
0 0 0 0 0 0 0 0 0 0 0 0 0 0 0 0 0 0 0 0 0 0 0 0
0 0 0 0 0 0 0 0 0 0 0 0 0 0 0 0 0 0 0 0 0 0 0 0
0 0 0 0 0 0 0 0 0 0 0 0 0 0 0 0 0 0 0 0 0 0 0 0
0 0 0 0 0 0 0 0 0 0 0 0 0 0 0 0 0 0 0 0 0 0 0 0
0 0 0 0 0 0 0 0 0 0 0 0 0 0 0 0 0 0 0 0 0 0 0 0
0 0 0 0 0 0 0 0 0 0 0 0 0 0 0 0 0 0 0 0 0 0 0 0
0 0 0 0 0 0 0 0 0 0 0 0 0 0 0 0 0 0 0 0 0 0 0 0
0 0 0 0 0 0 0 0 0 0 0 0 0 0 0 0 0 0 0 0 0 0 0 0
0 0 0 0 0 0 0 0 0 0 0 0 0 0 0 0 0 0 0 0 0 0 0 0
0 0 0 0 0 0 0 0 0 0 0 0 0 0 0 0 0 0 0 0 0 0 0 0
0 0 0 0 0 0 0 0 0 0 0 0 0 0 0 0 0 0 0 0 0 0 0 0
0 0 0 0 0 0 0 0 0 0 0 0 0 0 0 0 0 0 0 0 0 0 0 0
0 0 0 0 0 0 0 0 0 0 0 0 0 0 0 0 0 0 0 0 0 0 0 0
0 0 0 0 0 0 0 0 0 0 0 0 0 0 0 0 0 0 0 0 0 0 0 0
0 0 0 0 0 0 0 0 0 0 0 0 0 0 0 0 0 0 0 0 0 0 0 0
19 21
1 1 1 3 33 78 24 83 11 77 1 1 2 5 19 50 26 47 15 47 13 52 6 50 2 1 3 5 12 74 32 73 25 75 5 79 26 69 1 4 3 1 39 23 38 21 39 1 1 5 3 38 53 28 57 12 57 1 1 6 3 20 32 12 36 32 30 1 1 7 3 19 39 28 37 13 39 1 1 8 5 13 34 14 33 10 34 31 36 23 34 1 1 9 3 13 36 4 31 11 36 1 1 10 4 29 74 13 75 3 71 16 78 1 1 11 3 34 61 13 58 29 66 1 1 12 4 14 32 4 32 30 28 5 30 1 1 13 3 27 62 1 68 7 62 1 1 14 5 23 31 4 34 29 26 38 29 27 30 1 1 15 5 30 59 1 60 33 62 19 58 5 53 1 1 16 4 14 46 16 49 6 44 1 48 1 1 17 2 21 37 2 32 1 1 18 4 32 33 9 30 34 32 30 27 1 1 19 5 35 52 10 56 26 48 33 50 13 49 2 1 20 4 22 33 7 32 40 32 26 29 1 21 5 9 50 28 56 7 52 3 50 11 52
0 0 0 0 0 0 0 0 0 0 0 0 0 0 0 0 0 0 0
0 0 0 0 0 0 0 0 0 0 0 0 0 0 0 0 0 0 0
0 0 0 0 0 0 0 0 0 0 0 0 0 0 0 0 0 0 0
0 0 0 0 0 0 0 0 0 0 0 0 0 0 0 0 0 0 0
0 0 0 0 0 0 0 0 0 0 0 0 0 0 0 0 0 0 0
0 0 0 0 0 0 0 0 0 0 0 0 0 0 0 0 0 0 0
0 0 0 0 0 0 0 0 0 0 0 0 0 0 0 0 0 0 0
0 0 0 0 0 0 0 0 0 0 0 0 0 0 0 0 0 0 0
0 0 0 0 0 0 0 0 0 0 0 0 0 0 0 0 0 0 0
0 0 0 0 0 0 0 0 0 0 0 0 0 0 0 0 0 0 0
0 0 0 0 0 0 0 0 0 0 0 0 0 0 0 0 0 0 0
0 0 0 0 0 0 0 0 0 0 0 0 0 0 0 0 0 0 0
0 0 0 0 0 0 0 0 0 0 0 0 0 0 0 0 0 0 0
0 0 0 0 0 0 0 0 0 0 0 0 0 0 0 0 0 0 0
0 0 0 0 0 0 0 0 0 0 0 0 0 0 0 0 0 0 0
0 0 0 0 0 0 0 0 0 0 0 0 0 0 0 0 0 0 0
0 0 0 0 0 0 0 0 0 0 0 0 0 0 0 0 0 0 0
0 0 0 0 0 0 0 0 0 0 0 0 0 0 0 0 0 0 0
0 0 0 0 0 0 0 0 0 0 0 0 0 0 0 0 0 0 0
20 22
1 1 1 5 34 57 17 55 32 60 1 54 15 60 1 1 2 3 18 63 22 63 14 63 1 1 3 5 5 52 3 49 1 50 35 52 15 54 1 1 4 4 6 79 36 85 29 80 25 76 1 1 5 3 2 38 38 40 23 35 1 1 6 4 40 34 1 34 7 34 16 33 1 1 7 4 40 60 3 61 21 55 5 56 1 1 8 4 39 57 38 52 25 58 19 59 1 1 9 5 33 45 17 42 36 45 2 40 6 42 1 1 10 4 36 72 19 67 20 74 7 76 1 1 11 4 21 78 39 77 1 80 34 81 1 1 12 3 23 43 32 40 30 40 1 1 13 3 7 65 35 65 25 60 1 1 14 5 34 34 3 31 17 29 24 34 19 31 2 1 15 4 36 42 2 45 18 45 26 43 1 16 5 37 60 10 60 29 63 14 61 36 62 1 1 17 4 27 70 34 73 7 69 17 68 1 1 18 3 19 68 39 66 26 65 1 1 19 4 36 52 8 49 35 55 14 55 2 1 20 3 4 74 25 76 15 74 1 21 4 29 42 6 42 35 39 37 44 1 1 22 5 34 56 3 52 31 52 8 55 28 62
0 0 0 0 0 0 0 0 0 0 0 0 0 0 0 0 0 0 0 0
0 0 0 0 0 0 0 0 0 0 0 0 0 0 0 0 0 0 0 0
0 0 0 0 0 0 0 0 0 0 0 0 0 0 0 0 0 0 0 0
0 0 0 0 0 0 0 0 0 0 0 0 0 0 0 0 0 0 0 0
0 0 0 0 0 0 0 0 0 0 0 0 0 0 0 0 0 0 0 0
0 0 0 0 0 0 0 0 0 0 0 0 0 0 0 0 0 0 0 0
0 0 0 0 0 0 0 0 0 0 0 0 0 0 0 0 0 0 0 0
0 0 0 0 0 0 0 0 0 0 0 0 0 0 0 0 0 0 0 0
0 0 0 0 0 0 0 0 0 0 0 0 0 0 0 0 0 0 0 0
0 0 0 0 0 0 0 0 0 0 0 0 0 0 0 0 0 0 0 0
0 0 0 0 0 0 0 0 0 0 0 0 0 0 0 0 0 0 0 0
0 0 0 0 0 0 0 0 0 0 0 0 0 0 0 0 0 0 0 0
0 0 0 0 0 0 0 0 0 0 0 0 0 0 0 0 0 0 0 0
0 0 0 0 0 0 0 0 0 0 0 0 0 0 0 0 0 0 0 0
0 0 0 0 0 0 0 0 0 0 0 0 0 0 0 0 0 0 0 0
0 0 0 0 0 0 0 0 0 0 0 0 0 0 0 0 0 0 0 0
0 0 0 0 0 0 0 0 0 0 0 0 0 0 0 0 0 0 0 0
0 0 0 0 0 0 0 0 0 0 0 0 0 0 0 0 0 0 0 0
0 0 0 0 0 0 0 0 0 0 0 0 0 0 0 0 0 0 0 0
0 0 0 0 0 0 0 0 0 0 0 0 0 0 0 0 0 0 0 0
22 24
1 1 1 5 9 53 3 56 17 50 25 48 13 51 1 1 2 3 8 47 31 48 40 42 1 1 3 3 29 56 9 54 6 53 1 1 4 4 32 79 36 80 20 82 7 82 1 1 5 4 14 69 38 74 34 72 33 69 1 1 6 4 8 36 14 36 36 37 17 35 1 1 7 3 1 63 24 61 19 62 1 1 8 2 19 41 13 36 2 1 9 5 16 46 35 50 40 48 8 49 11 49 1 10 5 17 42 11 39 36 40 14 37 22 38 1 1 11 5 26 43 13 43 35 40 22 44 25 46 1 1 12 2 5 53 13 54 1 1 13 4 17 79 16 81 22 81 7 81 1 1 14 5 22 72 17 75 36 75 27 69 3 70 1 1 15 4 6 71 17 76 39 75 31 75 1 1 16 4 18 60 19 55 26 59 9 55 1 1 17 3 10 73 22 74 26 76 1 1 18 3 18 31 1 35 29 36 1 1 19 4 19 48 16 50 6 42 22 44 1 1 20 4 39 79 8 81 5 84 31 79 1 1 21 4 34 36 25 33 29 31 10 31 1 1 22 3 34 38 10 36 20 37 2 1 23 4 39 71 10 66 22 74 18 70 1 24 5 30 68 17 71 25 73 28 63 39 74
0 0 0 0 0 0 0 0 0 0 0 0 0 0 0 0 0 0 0 0 0 0
0 0 0 0 0 0 0 0 0 0 0 0 0 0 0 0 0 0 0 0 0 0
0 0 0 0 0 0 0 0 0 0 0 0 0 0 0 0 0 0 0 0 0 0
0 0 0 0 0 0 0 0 0 0 0 0 0 0 0 0 0 0 0 0 0 0
0 0 0 0 0 0 0 0 0 0 0 0 0 0 0 0 0 0 0 0 0 0
0 0 0 0 0 0 0 0 0 0 0 0 0 0 0 0 0 0 0 0 0 0
0 0 0 0 0 0 0 0 0 0 0 0 0 0 0 0 0 0 0 0 0 0
0 0 0 0 0 0 0 0 0 0 0 0 0 0 0 0 0 0 0 0 0 0
0 0 0 0 0 0 0 0 0 0 0 0 0 0 0 0 0 0 0 0 0 0
0 0 0 0 0 0 0 0 0 0 0 0 0 0 0 0 0 0 0 0 0 0
0 0 0 0 0 0 0 0 0 0 0 0 0 0 0 0 0 0 0 0 0 0
0 0 0 0 0 0 0 0 0 0 0 0 0 0 0 0 0 0 0 0 0 0
0 0 0 0 0 0 0 0 0 0 0 0 0 0 0 0 0 0 0 0 0 0
0 0 0 0 0 0 0 0 0 0 0 0 0 0 0 0 0 0 0 0 0 0
0 0 0 0 0 0 0 0 0 0 0 0 0 0 0 0 0 0 0 0 0 0
0 0 0 0 0 0 0 0 0 0 0 0 0 0 0 0 0 0 0 0 0 0
0 0 0 0 0 0 0 0 0 0 0 0 0 0 0 0 0 0 0 0 0 0
0 0 0 0 0 0 0 0 0 0 0 0 0 0 0 0 0 0 0 0 0 0
0 0 0 0 0 0 0 0 0 0 0 0 0 0 0 0 0 0 0 0 0 0
0 0 0 0 0 0 0 0 0 0 0 0 0 0 0 0 0 0 0 0 0 0
0 0 0 0 0 0 0 0 0 0 0 0 0 0 0 0 0 0 0 0 0 0
0 0 0 0 0 0 0 0 0 0 0 0 0 0 0 0 0 0 0 0 0 0
17 20
2 1 1 2 32 38 12 40 1 2 3 16 50 9 47 30 47 1 1 3 5 31 55 16 55 22 52 37 57 25 59 1 1 4 3 23 35 3 30 5 37 1 1 5 4 32 53 5 58 36 48 4 56 1 1 6 4 24 36 14 41 22 33 37 39 1 1 7 5 34 37 4 34 15 42 13 41 9 36 1 1 8 5 2 32 39 36 23 35 8 31 18 35 1 1 9 3 30 44 9 49 39 42 1 1 10 5 21 72 32 67 6 70 7 75 29 73 1 1 11 3 18 45 23 45 33 42 1 1 12 3 24 67 6 69 11 62 1 1 13 3 23 68 15 65 27 66 1 1 14 4 36 54 19 53 8 54 1 52 2 1 15 3 13 63 6 65 1 66 1 16 5 3 36 16 40 12 32 38 32 21 33 1 1 17 4 30 54 36 53 8 54 32 47 2 1 18 4 23 41 39 43 12 43 33 40 1 19 3 36 66 9 62 14 61 1 1 20 3 2 60 30 58 28 64
0 0 0 0 0 0 0 0 0 0 0 0 0 0 0 0 0
0 0 0 0 0 0 0 0 0 0 0 0 0 0 0 0 0
0 0 0 0 0 0 0 0 0 0 0 0 0 0 0 0 0
0 0 0 0 0 0 0 0 0 0 0 0 0 0 0 0 0
0 0 0 0 0 0 0 0 0 0 0 0 0 0 0 0 0
0 0 0 0 0 0 0 0 0 0 0 0 0 0 0 0 0
0 0 0 0 0 0 0 0 0 0 0 0 0 0 0 0 0
0 0 0 0 0 0 0 0 0 0 0 0 0 0 0 0 0
0 0 0 0 0 0 0 0 0 0 0 0 0 0 0 0 0
0 0 0 0 0 0 0 0 0 0 0 0 0 0 0 0 0
0 0 0 0 0 0 0 0 0 0 0 0 0 0 0 0 0
0 0 0 0 0 0 0 0 0 0 0 0 0 0 0 0 0
0 0 0 0 0 0 0 0 0 0 0 0 0 0 0 0 0
0 0 0 0 0 0 0 0 0 0 0 0 0 0 0 0 0
0 0 0 0 0 0 0 0 0 0 0 0 0 0 0 0 0
0 0 0 0 0 0 0 0 0 0 0 0 0 0 0 0 0
0 0 0 0 0 0 0 0 0 0 0 0 0 0 0 0 0
22 23
1 1 1 3 34 62 28 68 26 65 1 1 2 5 10 69 19 71 35 64 34 67 3 67 1 1 3 4 24 62 28 63 5 66 7 64 1 1 4 4 25 70 21 70 36 71 27 70 1 1 5 5 27 43 32 42 34 44 31 46 9 46 1 1 6 4 33 54 21 56 26 52 31 53 1 1 7 4 27 49 1 52 14 46 15 44 1 1 8 5 3 64 26 64 12 69 5 58 11 61 2 1 9 3 8 56 15 58 39 57 1 10 4 22 63 10 63 38 68 23 62 1 1 11 3 2 34 8 37 5 35 1 1 12 4 21 39 24 37 2 40 5 43 1 1 13 3 4 61 19 61 28 60 1 1 14 3 3 31 8 30 9 27 1 1 15 5 24 41 16 46 35 40 2 38 28 39 1 1 16 5 9 41 16 41 6 44 5 45 31 45 1 1 17 3 15 31 12 32 36 31 1 1 18 5 17 69 11 65 9 70 24 68 25 72 1 1 19 4 8 59 21 58 37 54 13 62 1 1 20 5 17 32 28 32 3 32 23 31 25 30 1 1 21 3 19 61 34 61 23 63 1 1 22 3 32 47 34 46 20 44 1 1 23 4 15 73 40 75 17 77 27 72
0 0 0 0 0 0 0 0 0 0 0 0 0 0 0 0 0 0 0 0 0 0
0 0 0 0 0 0 0 0 0 0 0 0 0 0 0 0 0 0 0 0 0 0
0 0 0 0 0 0 0 0 0 0 0 0 0 0 0 0 0 0 0 0 0 0
0 0 0 0 0 0 0 0 0 0 0 0 0 0 0 0 0 0 0 0 0 0
0 0 0 0 0 0 0 0 0 0 0 0 0 0 0 0 0 0 0 0 0 0
0 0 0 0 0 0 0 0 0 0 0 0 0 0 0 0 0 0 0 0 0 0
0 0 0 0 0 0 0 0 0 0 0 0 0 0 0 0 0 0 0 0 0 0
0 0 0 0 0 0 0 0 0 0 0 0 0 0 0 0 0 0 0 0 0 0
0 0 0 0 0 0 0 0 0 0 0 0 0 0 0 0 0 0 0 0 0 0
0 0 0 0 0 0 0 0 0 0 0 0 0 0 0 0 0 0 0 0 0 0
0 0 0 0 0 0 0 0 0 0 0 0 0 0 0 0 0 0 0 0 0 0
0 0 0 0 0 0 0 0 0 0 0 0 0 0 0 0 0 0 0 0 0 0
0 0 0 0 0 0 0 0 0 0 0 0 0 0 0 0 0 0 0 0 0 0
0 0 0 0 0 0 0 0 0 0 0 0 0 0 0 0 0 0 0 0 0 0
0 0 0 0 0 0 0 0 0 0 0 0 0 0 0 0 0 0 0 0 0 0
0 0 0 0 0 0 0 0 0 0 0 0 0 0 0 0 0 0 0 0 0 0
0 0 0 0 0 0 0 0 0 0 0 0 0 0 0 0 0 0 0 0 0 0
0 0 0 0 0 0 0 0 0 0 0 0 0 0 0 0 0 0 0 0 0 0
0 0 0 0 0 0 0 0 0 0 0 0 0 0 0 0 0 0 0 0 0 0
0 0 0 0 0 0 0 0 0 0 0 0 0 0 0 0 0 0 0 0 0 0
0 0 0 0 0 0 0 0 0 0 0 0 0 0 0 0 0 0 0 0 0 0
0 0 0 0 0 0 0 0 0 0 0 0 0 0 0 0 0 0 0 0 0 0