80 30 
24 26
1 1 1 5 60 65 5 69 67 68 51 63 9 65 1 1 2 6 8 59 39 56 57 55 65 55 11 54 58 59 2 1 3 4 59 48 45 47 53 48 70 48 1 4 5 74 46 6 44 72 45 65 47 52 40 1 1 5 3 78 64 51 62 21 67 1 1 6 4 32 71 57 66 21 69 78 73 1 1 7 6 60 34 38 32 74 31 4 36 17 33 71 35 1 1 8 6 18 71 12 72 58 74 64 74 13 70 70 69 1 1 9 6 64 49 34 52 29 51 7 52 37 45 55 45 1 1 10 3 79 75 44 72 69 73 1 1 11 4 61 41 44 40 12 47 9 39 1 1 12 3 23 55 58 54 29 50 1 1 13 3 62 65 80 68 8 63 1 1 14 6 57 72 6 71 1 68 10 76 50 68 46 71 1 1 15 5 34 69 36 67 47 71 58 75 32 70 1 1 16 5 26 76 40 70 43 75 11 71 4 80 1 1 17 4 12 33 60 38 64 30 39 33 1 1 18 6 56 46 22 51 59 47 69 50 73 43 52 49 1 1 19 3 4 44 63 46 59 44 1 1 20 6 28 72 27 75 57 76 4 69 18 72 38 76 1 1 21 3 61 64 18 61 58 69 1 1 22 4 10 77 18 79 66 80 29 71 1 1 23 3 57 48 51 49 13 46 2 1 24 3 41 51 74 57 28 52 1 25 3 17 53 51 56 8 56 1 1 26 6 26 76 38 82 25 73 57 78 78 81 7 74
0 0 0 0 0 0 0 0 0 0 0 0 0 0 0 0 0 0 0 0 0 0 0 0
0 0 0 0 0 0 0 0 0 0 0 0 0 0 0 0 0 0 0 0 0 0 0 0
0 0 0 0 0 0 0 0 0 0 0 0 0 0 0 0 0 0 0 0 0 0 0 0
0 0 0 0 0 0 0 0 0 0 0 0 0 0 0 0 0 0 0 0 0 0 0 0
0 0 0 0 0 0 0 0 0 0 0 0 0 0 0 0 0 0 0 0 0 0 0 0
0 0 0 0 0 0 0 0 0 0 0 0 0 0 0 0 0 0 0 0 0 0 0 0
0 0 0 0 0 0 0 0 0 0 0 0 0 0 0 0 0 0 0 0 0 0 0 0
0 0 0 0 0 0 0 0 0 0 0 0 0 0 0 0 0 0 0 0 0 0 0 0
0 0 0 0 0 0 0 0 0 0 0 0 0 0 0 0 0 0 0 0 0 0 0 0
0 0 0 0 0 0 0 0 0 0 0 0 0 0 0 0 0 0 0 0 0 0 0 0
0 0 0 0 0 0 0 0 0 0 0 0 0 0 0 0 0 0 0 0 0 0 0 0
0 0 0 0 0 0 0 0 0 0 0 0 0 0 0 0 0 0 0 0 0 0 0 0
0 0 0 0 0 0 0 0 0 0 0 0 0 0 0 0 0 0 0 0 0 0 0 0
0 0 0 0 0 0 0 0 0 0 0 0 0 0 0 0 0 0 0 0 0 0 0 0
0 0 0 0 0 0 0 0 0 0 0 0 0 0 0 0 0 0 0 0 0 0 0 0
0 0 0 0 0 0 0 0 0 0 0 0 0 0 0 0 0 0 0 0 0 0 0 0
0 0 0 0 0 0 0 0 0 0 0 0 0 0 0 0 0 0 0 0 0 0 0 0
0 0 0 0 0 0 0 0 0 0 0 0 0 0 0 0 0 0 0 0 0 0 0 0
0 0 0 0 0 0 0 0 0 0 0 0 0 0 0 0 0 0 0 0 0 0 0 0
0 0 0 0 0 0 0 0 0 0 0 0 0 0 0 0 0 0 0 0 0 0 0 0
0 0 0 0 0 0 0 0 0 0 0 0 0 0 0 0 0 0 0 0 0 0 0 0
0 0 0 0 0 0 0 0 0 0 0 0 0 0 0 0 0 0 0 0 0 0 0 0
0 0 0 0 0 0 0 0 0 0 0 0 0 0 0 0 0 0 0 0 0 0 0 0
0 0 0 0 0 0 0 0 0 0 0 0 0 0 0 0 0 0 0 0 0 0 0 0
19 21
1 1 1 3 53 48 46 48 7 49 1 1 2 6 67 47 53 46 29 47 35 44 54 50 77 46 1 1 3 6 22 55 79 53 3 60 30 50 26 53 32 57 1 1 4 6 16 64 72 68 8 70 34 63 71 65 14 68 1 1 5 5 24 37 47 36 57 40 41 35 27 39 1 1 6 4 50 70 22 69 80 65 18 72 1 1 7 3 28 64 75 60 70 66 2 1 8 3 78 70 39 64 75 69 1 9 5 21 37 72 42 65 41 26 35 67 38 1 1 10 5 76 63 4 67 64 67 31 67 44 63 1 1 11 5 60 48 50 51 78 54 16 47 5 50 1 1 12 4 43 56 76 55 12 53 65 58 2 1 13 4 32 35 43 35 6 33 67 31 1 14 6 1 61 44 65 56 65 25 61 27 60 37 65 1 1 15 3 37 51 57 50 1 49 1 1 16 6 79 49 64 51 48 52 45 49 15 54 25 51 1 1 17 3 6 73 49 76 40 73 1 1 18 4 25 40 70 36 19 40 47 41 1 1 19 5 16 56 73 58 47 56 13 58 17 60 1 1 20 3 32 40 14 39 20 39 1 1 21 3 36 40 16 45 40 37
0 0 0 0 0 0 0 0 0 0 0 0 0 0 0 0 0 0 0
0 0 0 0 0 0 0 0 0 0 0 0 0 0 0 0 0 0 0
0 0 0 0 0 0 0 0 0 0 0 0 0 0 0 0 0 0 0
0 0 0 0 0 0 0 0 0 0 0 0 0 0 0 0 0 0 0
0 0 0 0 0 0 0 0 0 0 0 0 0 0 0 0 0 0 0
0 0 0 0 0 0 0 0 0 0 0 0 0 0 0 0 0 0 0
0 0 0 0 0 0 0 0 0 0 0 0 0 0 0 0 0 0 0
0 0 0 0 0 0 0 0 0 0 0 0 0 0 0 0 0 0 0
0 0 0 0 0 0 0 0 0 0 0 0 0 0 0 0 0 0 0
0 0 0 0 0 0 0 0 0 0 0 0 0 0 0 0 0 0 0
0 0 0 0 0 0 0 0 0 0 0 0 0 0 0 0 0 0 0
0 0 0 0 0 0 0 0 0 0 0 0 0 0 0 0 0 0 0
0 0 0 0 0 0 0 0 0 0 0 0 0 0 0 0 0 0 0
0 0 0 0 0 0 0 0 0 0 0 0 0 0 0 0 0 0 0
0 0 0 0 0 0 0 0 0 0 0 0 0 0 0 0 0 0 0
0 0 0 0 0 0 0 0 0 0 0 0 0 0 0 0 0 0 0
0 0 0 0 0 0 0 0 0 0 0 0 0 0 0 0 0 0 0
0 0 0 0 0 0 0 0 0 0 0 0 0 0 0 0 0 0 0
0 0 0 0 0 0 0 0 0 0 0 0 0 0 0 0 0 0 0
17 20
2 1 1 5 59 62 74 57 25 63 37 61 34 59 1 2 4 57 48 12 52 58 50 29 45 2 1 3 4 20 31 78 32 1 36 73 31 1 4 5 15 43 63 45 37 46 4 45 34 40 1 1 5 3 74 53 56 53 15 59 1 1 6 6 42 47 40 46 32 52 34 52 46 47 65 48 1 1 7 5 33 47 1 49 4 45 53 51 50 44 1 1 8 4 14 64 69 64 11 68 73 63 1 1 9 5 15 31 62 26 8 34 39 31 18 36 1 1 10 4 57 73 34 76 28 75 46 77 1 1 11 4 59 48 5 46 66 52 43 42 1 1 12 6 47 33 70 32 61 30 37 37 51 35 6 29 1 1 13 6 54 34 77 33 66 32 41 31 68 32 33 31 1 1 14 4 2 41 55 44 60 45 13 41 1 1 15 3 14 56 35 58 42 50 1 1 16 6 33 55 54 49 74 50 65 50 52 51 69 51 1 1 17 3 15 43 63 45 26 41 2 1 18 4 52 33 53 37 37 32 3 30 1 19 4 62 49 43 46 5 50 68 48 1 1 20 6 4 67 47 66 12 69 41 72 33 70 28 68
0 0 0 0 0 0 0 0 0 0 0 0 0 0 0 0 0
0 0 0 0 0 0 0 0 0 0 0 0 0 0 0 0 0
0 0 0 0 0 0 0 0 0 0 0 0 0 0 0 0 0
0 0 0 0 0 0 0 0 0 0 0 0 0 0 0 0 0
0 0 0 0 0 0 0 0 0 0 0 0 0 0 0 0 0
0 0 0 0 0 0 0 0 0 0 0 0 0 0 0 0 0
0 0 0 0 0 0 0 0 0 0 0 0 0 0 0 0 0
0 0 0 0 0 0 0 0 0 0 0 0 0 0 0 0 0
0 0 0 0 0 0 0 0 0 0 0 0 0 0 0 0 0
0 0 0 0 0 0 0 0 0 0 0 0 0 0 0 0 0
0 0 0 0 0 0 0 0 0 0 0 0 0 0 0 0 0
0 0 0 0 0 0 0 0 0 0 0 0 0 0 0 0 0
0 0 0 0 0 0 0 0 0 0 0 0 0 0 0 0 0
0 0 0 0 0 0 0 0 0 0 0 0 0 0 0 0 0
0 0 0 0 0 0 0 0 0 0 0 0 0 0 0 0 0
0 0 0 0 0 0 0 0 0 0 0 0 0 0 0 0 0
0 0 0 0 0 0 0 0 0 0 0 0 0 0 0 0 0
26 29
1 1 1 4 51 68 27 72 32 65 6 66 1 1 2 4 32 57 62 63 77 53 24 59 1 1 3 5 2 56 47 56 25 60 12 59 78 58 1 1 4 5 28 71 50 76 75 77 51 70 36 70 2 1 5 5 34 55 5 53 1 49 7 52 35 56 1 6 3 40 75 19 75 3 76 1 1 7 4 26 64 58 66 63 68 21 64 1 1 8 5 3 49 22 54 71 50 24 46 42 47 1 1 9 4 22 48 28 52 42 51 3 53 1 1 10 5 41 37 1 38 47 37 4 33 70 41 1 1 11 6 34 64 23 67 31 63 64 70 68 66 30 64 1 1 12 3 78 41 26 44 31 40 1 1 13 3 2 43 4 46 45 43 1 1 14 5 42 49 10 46 49 51 39 51 54 52 1 1 15 2 21 62 38 56 1 1 16 5 77 74 33 78 10 74 54 77 28 70 1 1 17 3 29 73 28 68 55 78 2 1 18 3 31 55 65 58 11 54 1 19 4 2 78 28 73 44 84 18 84 1 1 20 3 13 63 19 67 46 61 1 1 21 6 23 32 13 34 4 30 39 32 71 27 28 31 1 1 22 5 2 54 64 57 58 49 12 52 38 55 1 1 23 4 9 33 61 34 42 35 22 38 1 1 24 5 18 57 47 55 6 57 56 53 78 62 1 1 25 3 75 62 35 68 34 66 1 1 26 6 53 50 56 48 74 49 36 54 73 50 78 48 2 1 27 4 19 54 8 48 43 57 74 52 1 28 4 6 69 56 69 31 71 19 70 1 1 29 3 14 65 49 62 29 66
0 0 0 0 0 0 0 0 0 0 0 0 0 0 0 0 0 0 0 0 0 0 0 0 0 0
0 0 0 0 0 0 0 0 0 0 0 0 0 0 0 0 0 0 0 0 0 0 0 0 0 0
0 0 0 0 0 0 0 0 0 0 0 0 0 0 0 0 0 0 0 0 0 0 0 0 0 0
0 0 0 0 0 0 0 0 0 0 0 0 0 0 0 0 0 0 0 0 0 0 0 0 0 0
0 0 0 0 0 0 0 0 0 0 0 0 0 0 0 0 0 0 0 0 0 0 0 0 0 0
0 0 0 0 0 0 0 0 0 0 0 0 0 0 0 0 0 0 0 0 0 0 0 0 0 0
0 0 0 0 0 0 0 0 0 0 0 0 0 0 0 0 0 0 0 0 0 0 0 0 0 0
0 0 0 0 0 0 0 0 0 0 0 0 0 0 0 0 0 0 0 0 0 0 0 0 0 0
0 0 0 0 0 0 0 0 0 0 0 0 0 0 0 0 0 0 0 0 0 0 0 0 0 0
0 0 0 0 0 0 0 0 0 0 0 0 0 0 0 0 0 0 0 0 0 0 0 0 0 0
0 0 0 0 0 0 0 0 0 0 0 0 0 0 0 0 0 0 0 0 0 0 0 0 0 0
0 0 0 0 0 0 0 0 0 0 0 0 0 0 0 0 0 0 0 0 0 0 0 0 0 0
0 0 0 0 0 0 0 0 0 0 0 0 0 0 0 0 0 0 0 0 0 0 0 0 0 0
0 0 0 0 0 0 0 0 0 0 0 0 0 0 0 0 0 0 0 0 0 0 0 0 0 0
0 0 0 0 0 0 0 0 0 0 0 0 0 0 0 0 0 0 0 0 0 0 0 0 0 0
0 0 0 0 0 0 0 0 0 0 0 0 0 0 0 0 0 0 0 0 0 0 0 0 0 0
0 0 0 0 0 0 0 0 0 0 0 0 0 0 0 0 0 0 0 0 0 0 0 0 0 0
0 0 0 0 0 0 0 0 0 0 0 0 0 0 0 0 0 0 0 0 0 0 0 0 0 0
0 0 0 0 0 0 0 0 0 0 0 0 0 0 0 0 0 0 0 0 0 0 0 0 0 0
0 0 0 0 0 0 0 0 0 0 0 0 0 0 0 0 0 0 0 0 0 0 0 0 0 0
0 0 0 0 0 0 0 0 0 0 0 0 0 0 0 0 0 0 0 0 0 0 0 0 0 0
0 0 0 0 0 0 0 0 0 0 0 0 0 0 0 0 0 0 0 0 0 0 0 0 0 0
0 0 0 0 0 0 0 0 0 0 0 0 0 0 0 0 0 0 0 0 0 0 0 0 0 0
0 0 0 0 0 0 0 0 0 0 0 0 0 0 0 0 0 0 0 0 0 0 0 0 0 0
0 0 0 0 0 0 0 0 0 0 0 0 0 0 0 0 0 0 0 0 0 0 0 0 0 0
0 0 0 0 0 0 0 0 0 0 0 0 0 0 0 0 0 0 0 0 0 0 0 0 0 0
21 23
1 1 1 3 62 40 64 41 23 40 1 1 2 3 57 46 47 48 44 46 1 1 3 3 10 51 21 57 33 51 1 1 4 3 17 66 71 63 38 65 1 1 5 4 72 60 65 59 52 56 5 60 1 1 6 4 53 55 33 56 54 54 41 53 2 1 7 3 9 35 60 37 78 32 1 8 3 28 59 20 61 32 54 1 1 9 2 27 32 18 38 1 1 10 5 41 46 5 46 44 49 50 48 45 45 1 1 11 3 37 80 65 81 31 81 2 1 12 4 33 37 72 35 77 36 65 36 1 13 3 43 53 22 50 36 52 1 1 14 3 7 43 8 42 27 39 1 1 15 6 28 32 43 35 44 30 8 31 21 29 13 29 1 1 16 4 74 61 8 59 63 63 67 64 1 1 17 3 42 72 75 69 74 69 1 1 18 3 44 52 71 51 72 55 1 1 19 6 62 53 61 54 8 50 67 55 31 50 78 50 1 1 20 6 28 66 51 72 63 65 6 66 75 68 14 65 1 1 21 3 36 48 20 42 58 49 1 1 22 5 38 38 11 44 80 37 79 42 56 37 1 1 23 5 77 33 33 31 7 30 65 28 34 30
0 0 0 0 0 0 0 0 0 0 0 0 0 0 0 0 0 0 0 0 0
0 0 0 0 0 0 0 0 0 0 0 0 0 0 0 0 0 0 0 0 0
0 0 0 0 0 0 0 0 0 0 0 0 0 0 0 0 0 0 0 0 0
0 0 0 0 0 0 0 0 0 0 0 0 0 0 0 0 0 0 0 0 0
0 0 0 0 0 0 0 0 0 0 0 0 0 0 0 0 0 0 0 0 0
0 0 0 0 0 0 0 0 0 0 0 0 0 0 0 0 0 0 0 0 0
0 0 0 0 0 0 0 0 0 0 0 0 0 0 0 0 0 0 0 0 0
0 0 0 0 0 0 0 0 0 0 0 0 0 0 0 0 0 0 0 0 0
0 0 0 0 0 0 0 0 0 0 0 0 0 0 0 0 0 0 0 0 0
0 0 0 0 0 0 0 0 0 0 0 0 0 0 0 0 0 0 0 0 0
0 0 0 0 0 0 0 0 0 0 0 0 0 0 0 0 0 0 0 0 0
0 0 0 0 0 0 0 0 0 0 0 0 0 0 0 0 0 0 0 0 0
0 0 0 0 0 0 0 0 0 0 0 0 0 0 0 0 0 0 0 0 0
0 0 0 0 0 0 0 0 0 0 0 0 0 0 0 0 0 0 0 0 0
0 0 0 0 0 0 0 0 0 0 0 0 0 0 0 0 0 0 0 0 0
0 0 0 0 0 0 0 0 0 0 0 0 0 0 0 0 0 0 0 0 0
0 0 0 0 0 0 0 0 0 0 0 0 0 0 0 0 0 0 0 0 0
0 0 0 0 0 0 0 0 0 0 0 0 0 0 0 0 0 0 0 0 0
0 0 0 0 0 0 0 0 0 0 0 0 0 0 0 0 0 0 0 0 0
0 0 0 0 0 0 0 0 0 0 0 0 0 0 0 0 0 0 0 0 0
0 0 0 0 0 0 0 0 0 0 0 0 0 0 0 0 0 0 0 0 0
18 20
1 1 1 4 17 55 21 58 4 52 3 58 2 1 2 5 46 56 59 58 75 57 52 61 17 57 1 3 3 29 47 26 53 33 47 1 1 4 4 52 31 36 30 26 27 8 33 2 1 5 5 48 49 17 50 20 49 24 50 5 47 1 6 4 3 57 43 55 8 58 30 58 1 1 7 5 58 80 16 79 28 78 19 78 45 83 1 1 8 3 48 65 19 61 16 69 1 1 9 6 57 76 1 76 52 76 71 79 42 78 13 78 1 1 10 3 10 67 34 65 47 65 1 1 11 6 30 54 78 54 43 54 25 50 58 57 68 56 1 1 12 6 79 74 5 71 65 72 72 74 32 74 11 74 1 1 13 3 59 57 43 53 37 54 1 1 14 4 8 72 72 71 42 71 3 66 1 1 15 5 45 71 60 66 10 69 62 72 8 73 1 1 16 6 70 51 15 46 13 51 23 52 59 55 6 49 1 1 17 3 5 62 21 61 12 64 1 1 18 5 59 34 67 34 61 29 60 31 45 37 1 1 19 3 76 69 29 76 79 75 1 1 20 5 73 58 26 54 11 61 64 53 39 59
0 0 0 0 0 0 0 0 0 0 0 0 0 0 0 0 0 0
0 0 0 0 0 0 0 0 0 0 0 0 0 0 0 0 0 0
0 0 0 0 0 0 0 0 0 0 0 0 0 0 0 0 0 0
0 0 0 0 0 0 0 0 0 0 0 0 0 0 0 0 0 0
0 0 0 0 0 0 0 0 0 0 0 0 0 0 0 0 0 0
0 0 0 0 0 0 0 0 0 0 0 0 0 0 0 0 0 0
0 0 0 0 0 0 0 0 0 0 0 0 0 0 0 0 0 0
0 0 0 0 0 0 0 0 0 0 0 0 0 0 0 0 0 0
0 0 0 0 0 0 0 0 0 0 0 0 0 0 0 0 0 0
0 0 0 0 0 0 0 0 0 0 0 0 0 0 0 0 0 0
0 0 0 0 0 0 0 0 0 0 0 0 0 0 0 0 0 0
0 0 0 0 0 0 0 0 0 0 0 0 0 0 0 0 0 0
0 0 0 0 0 0 0 0 0 0 0 0 0 0 0 0 0 0
0 0 0 0 0 0 0 0 0 0 0 0 0 0 0 0 0 0
0 0 0 0 0 0 0 0 0 0 0 0 0 0 0 0 0 0
0 0 0 0 0 0 0 0 0 0 0 0 0 0 0 0 0 0
0 0 0 0 0 0 0 0 0 0 0 0 0 0 0 0 0 0
0 0 0 0 0 0 0 0 0 0 0 0 0 0 0 0 0 0
18 21
1 1 1 6 74 60 11 59 45 58 51 65 31 62 36 58 1 1 2 3 37 52 14 52 49 54 1 1 3 5 79 75 30 72 73 71 33 76 12 77 2 1 4 5 38 73 58 67 6 69 29 70 10 76 1 5 3 9 80 7 80 1 83 1 1 6 3 54 66 78 70 62 65 1 1 7 4 41 58 38 53 66 63 48 54 1 1 8 5 6 44 58 50 11 44 60 42 38 46 1 1 9 4 3 44 63 42 20 45 75 47 1 1 10 4 32 40 38 39 73 39 28 42 1 1 11 4 73 59 34 59 23 55 27 58 2 1 12 5 75 36 19 38 1 42 23 38 22 41 1 13 5 70 40 45 45 2 40 62 39 51 39 1 1 14 4 37 47 75 48 70 43 34 44 1 1 15 4 51 44 70 41 20 46 44 46 1 1 16 3 60 77 52 78 67 72 2 1 17 3 67 77 59 77 44 77 1 18 6 66 51 68 55 3 49 67 47 11 56 60 56 1 1 19 5 73 58 71 59 18 56 79 64 13 62 1 1 20 5 23 73 42 71 47 71 21 77 77 72 1 1 21 3 78 43 30 45 10 49
0 0 0 0 0 0 0 0 0 0 0 0 0 0 0 0 0 0
0 0 0 0 0 0 0 0 0 0 0 0 0 0 0 0 0 0
0 0 0 0 0 0 0 0 0 0 0 0 0 0 0 0 0 0
0 0 0 0 0 0 0 0 0 0 0 0 0 0 0 0 0 0
0 0 0 0 0 0 0 0 0 0 0 0 0 0 0 0 0 0
0 0 0 0 0 0 0 0 0 0 0 0 0 0 0 0 0 0
0 0 0 0 0 0 0 0 0 0 0 0 0 0 0 0 0 0
0 0 0 0 0 0 0 0 0 0 0 0 0 0 0 0 0 0
0 0 0 0 0 0 0 0 0 0 0 0 0 0 0 0 0 0
0 0 0 0 0 0 0 0 0 0 0 0 0 0 0 0 0 0
0 0 0 0 0 0 0 0 0 0 0 0 0 0 0 0 0 0
0 0 0 0 0 0 0 0 0 0 0 0 0 0 0 0 0 0
0 0 0 0 0 0 0 0 0 0 0 0 0 0 0 0 0 0
0 0 0 0 0 0 0 0 0 0 0 0 0 0 0 0 0 0
0 0 0 0 0 0 0 0 0 0 0 0 0 0 0 0 0 0
0 0 0 0 0 0 0 0 0 0 0 0 0 0 0 0 0 0
0 0 0 0 0 0 0 0 0 0 0 0 0 0 0 0 0 0
0 0 0 0 0 0 0 0 0 0 0 0 0 0 0 0 0 0
26 29
1 1 1 4 1 44 30 49 33 46 10 40 1 1 2 5 6 56 55 59 9 54 21 57 72 62 2 1 3 3 62 72 47 70 54 73 1 4 5 17 66 12 61 40 68 80 68 33 71 1 1 5 6 67 36 47 34 39 39 44 32 54 39 28 33 1 1 6 4 16 36 64 37 75 32 11 40 1 1 7 3 24 48 23 50 65 49 1 1 8 4 47 54 38 54 31 57 20 56 1 1 9 4 54 49 63 45 31 48 73 52 1 1 10 3 63 78 65 80 58 73 1 1 11 6 33 34 41 35 36 37 15 35 17 32 50 32 1 1 12 5 73 60 65 61 28 63 6 61 72 54 2 1 13 5 36 60 60 62 71 56 77 61 78 56 1 14 6 64 73 24 69 57 69 76 71 33 72 56 67 1 1 15 6 1 36 44 39 76 34 21 36 60 39 6 36 1 1 16 4 8 73 80 70 53 74 12 74 1 1 17 3 36 79 51 78 62 78 1 1 18 4 38 58 21 63 22 58 27 67 1 1 19 5 69 64 27 62 23 63 22 68 51 68 2 1 20 6 17 56 35 60 55 52 31 58 74 51 80 57 1 21 3 74 38 58 39 5 43 1 1 22 5 17 52 38 49 9 53 32 54 56 58 1 1 23 4 70 59 10 55 17 55 73 62 1 1 24 4 61 43 10 44 34 43 80 47 1 1 25 5 22 47 61 46 69 47 42 48 49 49 1 1 26 6 9 45 30 46 54 48 21 42 67 42 38 50 1 1 27 4 59 73 78 73 48 76 45 72 1 1 28 5 7 71 35 68 18 76 49 71 5 73 1 1 29 4 54 62 25 61 75 61 1 59
0 0 0 0 0 0 0 0 0 0 0 0 0 0 0 0 0 0 0 0 0 0 0 0 0 0
0 0 0 0 0 0 0 0 0 0 0 0 0 0 0 0 0 0 0 0 0 0 0 0 0 0
0 0 0 0 0 0 0 0 0 0 0 0 0 0 0 0 0 0 0 0 0 0 0 0 0 0
0 0 0 0 0 0 0 0 0 0 0 0 0 0 0 0 0 0 0 0 0 0 0 0 0 0
0 0 0 0 0 0 0 0 0 0 0 0 0 0 0 0 0 0 0 0 0 0 0 0 0 0
0 0 0 0 0 0 0 0 0 0 0 0 0 0 0 0 0 0 0 0 0 0 0 0 0 0
0 0 0 0 0 0 0 0 0 0 0 0 0 0 0 0 0 0 0 0 0 0 0 0 0 0
0 0 0 0 0 0 0 0 0 0 0 0 0 0 0 0 0 0 0 0 0 0 0 0 0 0
0 0 0 0 0 0 0 0 0 0 0 0 0 0 0 0 0 0 0 0 0 0 0 0 0 0
0 0 0 0 0 0 0 0 0 0 0 0 0 0 0 0 0 0 0 0 0 0 0 0 0 0
0 0 0 0 0 0 0 0 0 0 0 0 0 0 0 0 0 0 0 0 0 0 0 0 0 0
0 0 0 0 0 0 0 0 0 0 0 0 0 0 0 0 0 0 0 0 0 0 0 0 0 0
0 0 0 0 0 0 0 0 0 0 0 0 0 0 0 0 0 0 0 0 0 0 0 0 0 0
0 0 0 0 0 0 0 0 0 0 0 0 0 0 0 0 0 0 0 0 0 0 0 0 0 0
0 0 0 0 0 0 0 0 0 0 0 0 0 0 0 0 0 0 0 0 0 0 0 0 0 0
0 0 0 0 0 0 0 0 0 0 0 0 0 0 0 0 0 0 0 0 0 0 0 0 0 0
0 0 0 0 0 0 0 0 0 0 0 0 0 0 0 0 0 0 0 0 0 0 0 0 0 0
0 0 0 0 0 0 0 0 0 0 0 0 0 0 0 0 0 0 0 0 0 0 0 0 0 0
0 0 0 0 0 0 0 0 0 0 0 0 0 0 0 0 0 0 0 0 0 0 0 0 0 0
0 0 0 0 0 0 0 0 0 0 0 0 0 0 0 0 0 0 0 0 0 0 0 0 0 0
0 0 0 0 0 0 0 0 0 0 0 0 0 0 0 0 0 0 0 0 0 0 0 0 0 0
0 0 0 0 0 0 0 0 0 0 0 0 0 0 0 0 0 0 0 0 0 0 0 0 0 0
0 0 0 0 0 0 0 0 0 0 0 0 0 0 0 0 0 0 0 0 0 0 0 0 0 0
0 0 0 0 0 0 0 0 0 0 0 0 0 0 0 0 0 0 0 0 0 0 0 0 0 0
0 0 0 0 0 0 0 0 0 0 0 0 0 0 0 0 0 0 0 0 0 0 0 0 0 0
0 0 0 0 0 0 0 0 0 0 0 0 0 0 0 0 0 0 0 0 0 0 0 0 0 0
22 25
1 1 1 5 46 57 28 57 44 55 30 60 35 61 1 1 2 5 41 71 26 72 11 70 10 72 57 71 1 1 3 3 70 42 67 40 17 40 2 1 4 6 39 39 16 43 36 38 62 36 66 45 77 37 1 5 3 2 79 35 79 17 85 1 1 6 5 56 66 29 69 68 60 71 68 38 68 2 1 7 5 17 32 28 36 24 30 78 32 61 32 1 8 5 26 68 9 70 6 66 70 67 31 67 1 1 9 4 22 80 60 77 58 75 50 75 1 1 10 6 34 32 12 37 15 27 80 27 38 32 40 34 1 1 11 6 20 64 41 62 33 62 21 66 22 67 70 59 2 1 12 3 55 76 35 77 69 80 1 13 4 14 35 74 38 50 35 35 38 1 1 14 3 36 50 40 53 67 50 1 1 15 6 60 69 19 73 69 68 28 63 44 66 13 65 1 1 16 5 11 46 65 41 62 44 63 45 15 49 1 1 17 3 15 34 65 34 42 38 1 1 18 3 70 74 74 78 80 80 1 1 19 4 30 62 56 59 26 58 17 62 1 1 20 4 39 67 4 67 33 66 29 72 1 1 21 3 76 63 36 61 32 61 1 1 22 3 50 78 70 76 66 77 1 1 23 3 27 39 22 39 78 34 1 1 24 5 58 44 10 48 77 42 42 49 34 41 1 1 25 3 18 76 13 81 26 76
0 0 0 0 0 0 0 0 0 0 0 0 0 0 0 0 0 0 0 0 0 0
0 0 0 0 0 0 0 0 0 0 0 0 0 0 0 0 0 0 0 0 0 0
0 0 0 0 0 0 0 0 0 0 0 0 0 0 0 0 0 0 0 0 0 0
0 0 0 0 0 0 0 0 0 0 0 0 0 0 0 0 0 0 0 0 0 0
0 0 0 0 0 0 0 0 0 0 0 0 0 0 0 0 0 0 0 0 0 0
0 0 0 0 0 0 0 0 0 0 0 0 0 0 0 0 0 0 0 0 0 0
0 0 0 0 0 0 0 0 0 0 0 0 0 0 0 0 0 0 0 0 0 0
0 0 0 0 0 0 0 0 0 0 0 0 0 0 0 0 0 0 0 0 0 0
0 0 0 0 0 0 0 0 0 0 0 0 0 0 0 0 0 0 0 0 0 0
0 0 0 0 0 0 0 0 0 0 0 0 0 0 0 0 0 0 0 0 0 0
0 0 0 0 0 0 0 0 0 0 0 0 0 0 0 0 0 0 0 0 0 0
0 0 0 0 0 0 0 0 0 0 0 0 0 0 0 0 0 0 0 0 0 0
0 0 0 0 0 0 0 0 0 0 0 0 0 0 0 0 0 0 0 0 0 0
0 0 0 0 0 0 0 0 0 0 0 0 0 0 0 0 0 0 0 0 0 0
0 0 0 0 0 0 0 0 0 0 0 0 0 0 0 0 0 0 0 0 0 0
0 0 0 0 0 0 0 0 0 0 0 0 0 0 0 0 0 0 0 0 0 0
0 0 0 0 0 0 0 0 0 0 0 0 0 0 0 0 0 0 0 0 0 0
0 0 0 0 0 0 0 0 0 0 0 0 0 0 0 0 0 0 0 0 0 0
0 0 0 0 0 0 0 0 0 0 0 0 0 0 0 0 0 0 0 0 0 0
0 0 0 0 0 0 0 0 0 0 0 0 0 0 0 0 0 0 0 0 0 0
0 0 0 0 0 0 0 0 0 0 0 0 0 0 0 0 0 0 0 0 0 0
0 0 0 0 0 0 0 0 0 0 0 0 0 0 0 0 0 0 0 0 0 0
20 23
1 1 1 5 72 70 19 71 80 72 13 72 59 72 1 1 2 3 2 33 41 31 57 36 1 1 3 6 76 72 10 69 59 72 11 71 70 75 31 70 1 1 4 5 22 61 60 59 68 60 19 65 53 64 1 1 5 6 34 34 61 35 50 38 68 31 15 38 55 35 2 1 6 3 1 46 63 40 18 52 1 7 6 23 54 64 57 56 52 66 57 32 49 4 51 1 1 8 5 50 43 42 48 73 45 25 43 35 45 1 1 9 6 53 71 78 67 43 73 27 73 22 71 21 71 1 1 10 5 22 34 52 28 43 28 20 40 76 36 1 1 11 4 58 51 50 53 23 48 60 57 1 1 12 4 61 46 75 47 16 42 35 45 1 1 13 4 67 64 72 66 48 68 51 62 1 1 14 6 55 69 62 72 68 68 1 64 77 72 5 68 1 1 15 6 54 57 20 53 25 57 12 53 10 57 30 61 2 1 16 6 42 56 27 58 6 56 28 55 72 56 10 59 1 17 3 22 48 60 47 26 46 1 1 18 3 16 61 46 57 15 56 1 1 19 6 43 53 30 51 33 56 47 50 45 56 61 53 2 1 20 4 50 65 3 66 62 61 21 68 1 21 3 10 52 65 50 75 56 1 1 22 3 80 58 41 59 35 53 1 1 23 4 2 69 14 74 16 66 77 66
0 0 0 0 0 0 0 0 0 0 0 0 0 0 0 0 0 0 0 0
0 0 0 0 0 0 0 0 0 0 0 0 0 0 0 0 0 0 0 0
0 0 0 0 0 0 0 0 0 0 0 0 0 0 0 0 0 0 0 0
0 0 0 0 0 0 0 0 0 0 0 0 0 0 0 0 0 0 0 0
0 0 0 0 0 0 0 0 0 0 0 0 0 0 0 0 0 0 0 0
0 0 0 0 0 0 0 0 0 0 0 0 0 0 0 0 0 0 0 0
0 0 0 0 0 0 0 0 0 0 0 0 0 0 0 0 0 0 0 0
0 0 0 0 0 0 0 0 0 0 0 0 0 0 0 0 0 0 0 0
0 0 0 0 0 0 0 0 0 0 0 0 0 0 0 0 0 0 0 0
0 0 0 0 0 0 0 0 0 0 0 0 0 0 0 0 0 0 0 0
0 0 0 0 0 0 0 0 0 0 0 0 0 0 0 0 0 0 0 0
0 0 0 0 0 0 0 0 0 0 0 0 0 0 0 0 0 0 0 0
0 0 0 0 0 0 0 0 0 0 0 0 0 0 0 0 0 0 0 0
0 0 0 0 0 0 0 0 0 0 0 0 0 0 0 0 0 0 0 0
0 0 0 0 0 0 0 0 0 0 0 0 0 0 0 0 0 0 0 0
0 0 0 0 0 0 0 0 0 0 0 0 0 0 0 0 0 0 0 0
0 0 0 0 0 0 0 0 0 0 0 0 0 0 0 0 0 0 0 0
0 0 0 0 0 0 0 0 0 0 0 0 0 0 0 0 0 0 0 0
0 0 0 0 0 0 0 0 0 0 0 0 0 0 0 0 0 0 0 0
0 0 0 0 0 0 0 0 0 0 0 0 0 0 0 0 0 0 0 0
23 26
1 1 1 4 12 77 58 78 78 83 61 78 1 1 2 5 59 55 28 53 57 54 20 58 32 55 1 1 3 6 65 50 79 51 37 53 49 55 24 46 14 49 1 1 4 3 27 33 41 29 46 31 2 1 5 3 49 61 64 61 48 58 1 6 6 29 52 12 54 43 52 44 49 48 50 58 58 1 1 7 3 57 61 72 62 58 58 1 1 8 3 15 60 36 62 24 61 1 1 9 3 21 56 31 58 13 53 1 1 10 5 20 58 60 55 26 55 14 58 11 60 1 1 11 5 18 70 21 68 39 68 49 68 61 68 1 1 12 6 62 55 30 60 68 57 36 58 80 58 20 51 1 1 13 4 30 35 35 37 22 35 41 31 1 1 14 3 79 51 49 54 29 48 1 1 15 3 1 73 58 69 32 73 1 1 16 4 45 57 24 60 30 54 37 56 1 1 17 4 37 74 25 74 41 70 53 76 1 1 18 6 12 46 40 43 31 49 55 45 6 49 65 48 1 1 19 5 55 74 17 75 20 73 5 72 18 70 1 1 20 5 46 39 18 45 80 40 39 41 43 37 1 1 21 3 25 58 51 57 53 57 1 1 22 6 56 77 7 73 5 75 42 76 63 79 51 74 2 1 23 5 5 33 4 31 68 29 11 28 34 31 1 24 5 54 32 16 32 15 36 77 34 20 34 2 1 25 6 21 39 17 34 20 37 59 38 52 37 42 42 1 26 3 36 60 16 60 2 56
0 0 0 0 0 0 0 0 0 0 0 0 0 0 0 0 0 0 0 0 0 0 0
0 0 0 0 0 0 0 0 0 0 0 0 0 0 0 0 0 0 0 0 0 0 0
0 0 0 0 0 0 0 0 0 0 0 0 0 0 0 0 0 0 0 0 0 0 0
0 0 0 0 0 0 0 0 0 0 0 0 0 0 0 0 0 0 0 0 0 0 0
0 0 0 0 0 0 0 0 0 0 0 0 0 0 0 0 0 0 0 0 0 0 0
0 0 0 0 0 0 0 0 0 0 0 0 0 0 0 0 0 0 0 0 0 0 0
0 0 0 0 0 0 0 0 0 0 0 0 0 0 0 0 0 0 0 0 0 0 0
0 0 0 0 0 0 0 0 0 0 0 0 0 0 0 0 0 0 0 0 0 0 0
0 0 0 0 0 0 0 0 0 0 0 0 0 0 0 0 0 0 0 0 0 0 0
0 0 0 0 0 0 0 0 0 0 0 0 0 0 0 0 0 0 0 0 0 0 0
0 0 0 0 0 0 0 0 0 0 0 0 0 0 0 0 0 0 0 0 0 0 0
0 0 0 0 0 0 0 0 0 0 0 0 0 0 0 0 0 0 0 0 0 0 0
0 0 0 0 0 0 0 0 0 0 0 0 0 0 0 0 0 0 0 0 0 0 0
0 0 0 0 0 0 0 0 0 0 0 0 0 0 0 0 0 0 0 0 0 0 0
0 0 0 0 0 0 0 0 0 0 0 0 0 0 0 0 0 0 0 0 0 0 0
0 0 0 0 0 0 0 0 0 0 0 0 0 0 0 0 0 0 0 0 0 0 0
0 0 0 0 0 0 0 0 0 0 0 0 0 0 0 0 0 0 0 0 0 0 0
0 0 0 0 0 0 0 0 0 0 0 0 0 0 0 0 0 0 0 0 0 0 0
0 0 0 0 0 0 0 0 0 0 0 0 0 0 0 0 0 0 0 0 0 0 0
0 0 0 0 0 0 0 0 0 0 0 0 0 0 0 0 0 0 0 0 0 0 0
0 0 0 0 0 0 0 0 0 0 0 0 0 0 0 0 0 0 0 0 0 0 0
0 0 0 0 0 0 0 0 0 0 0 0 0 0 0 0 0 0 0 0 0 0 0
0 0 0 0 0 0 0 0 0 0 0 0 0 0 0 0 0 0 0 0 0 0 0
26 29
1 1 1 5 28 61 16 59 1 60 20 59 6 60 1 1 2 4 80 49 65 52 51 50 27 47 1 1 3 3 12 48 42 51 67 45 1 1 4 3 75 63 71 63 24 64 2 1 5 3 9 60 28 59 11 64 1 6 3 20 78 23 80 54 78 1 1 7 5 52 58 29 63 55 57 27 58 21 61 1 1 8 3 5 66 28 60 50 65 1 1 9 6 31 40 29 34 56 43 53 36 17 38 66 41 1 1 10 6 31 34 8 34 33 31 56 37 59 34 27 32 1 1 11 6 28 49 23 53 2 45 18 46 59 50 66 49 1 1 12 3 37 66 51 69 71 65 1 1 13 3 31 44 58 43 32 43 1 1 14 5 46 79 52 76 76 78 21 73 38 83 1 1 15 5 31 76 2 77 52 78 34 75 26 75 1 1 16 3 77 41 63 36 51 43 1 1 17 4 44 42 38 42 54 37 48 43 1 1 18 6 67 32 39 35 2 36 56 33 80 31 8 30 1 1 19 6 33 54 39 49 52 51 30 54 51 55 40 56 1 1 20 3 10 76 31 81 20 70 1 1 21 4 75 53 52 54 9 52 43 54 1 1 22 6 71 50 75 55 67 46 18 51 65 54 1 45 1 1 23 5 36 46 7 44 62 41 74 43 67 41 1 1 24 4 2 37 69 39 58 33 78 31 2 1 25 4 24 47 56 47 64 50 63 43 1 26 5 31 80 36 82 76 79 67 77 55 80 2 1 27 6 28 33 30 35 25 36 35 30 37 39 20 32 1 28 4 19 36 32 36 16 36 25 37 1 1 29 3 3 47 54 44 11 45
0 0 0 0 0 0 0 0 0 0 0 0 0 0 0 0 0 0 0 0 0 0 0 0 0 0
0 0 0 0 0 0 0 0 0 0 0 0 0 0 0 0 0 0 0 0 0 0 0 0 0 0
0 0 0 0 0 0 0 0 0 0 0 0 0 0 0 0 0 0 0 0 0 0 0 0 0 0
0 0 0 0 0 0 0 0 0 0 0 0 0 0 0 0 0 0 0 0 0 0 0 0 0 0
0 0 0 0 0 0 0 0 0 0 0 0 0 0 0 0 0 0 0 0 0 0 0 0 0 0
0 0 0 0 0 0 0 0 0 0 0 0 0 0 0 0 0 0 0 0 0 0 0 0 0 0
0 0 0 0 0 0 0 0 0 0 0 0 0 0 0 0 0 0 0 0 0 0 0 0 0 0
0 0 0 0 0 0 0 0 0 0 0 0 0 0 0 0 0 0 0 0 0 0 0 0 0 0
0 0 0 0 0 0 0 0 0 0 0 0 0 0 0 0 0 0 0 0 0 0 0 0 0 0
0 0 0 0 0 0 0 0 0 0 0 0 0 0 0 0 0 0 0 0 0 0 0 0 0 0
0 0 0 0 0 0 0 0 0 0 0 0 0 0 0 0 0 0 0 0 0 0 0 0 0 0
0 0 0 0 0 0 0 0 0 0 0 0 0 0 0 0 0 0 0 0 0 0 0 0 0 0
0 0 0 0 0 0 0 0 0 0 0 0 0 0 0 0 0 0 0 0 0 0 0 0 0 0
0 0 0 0 0 0 0 0 0 0 0 0 0 0 0 0 0 0 0 0 0 0 0 0 0 0
0 0 0 0 0 0 0 0 0 0 0 0 0 0 0 0 0 0 0 0 0 0 0 0 0 0
0 0 0 0 0 0 0 0 0 0 0 0 0 0 0 0 0 0 0 0 0 0 0 0 0 0
0 0 0 0 0 0 0 0 0 0 0 0 0 0 0 0 0 0 0 0 0 0 0 0 0 0
0 0 0 0 0 0 0 0 0 0 0 0 0 0 0 0 0 0 0 0 0 0 0 0 0 0
0 0 0 0 0 0 0 0 0 0 0 0 0 0 0 0 0 0 0 0 0 0 0 0 0 0
0 0 0 0 0 0 0 0 0 0 0 0 0 0 0 0 0 0 0 0 0 0 0 0 0 0
0 0 0 0 0 0 0 0 0 0 0 0 0 0 0 0 0 0 0 0 0 0 0 0 0 0
0 0 0 0 0 0 0 0 0 0 0 0 0 0 0 0 0 0 0 0 0 0 0 0 0 0
0 0 0 0 0 0 0 0 0 0 0 0 0 0 0 0 0 0 0 0 0 0 0 0 0 0
0 0 0 0 0 0 0 0 0 0 0 0 0 0 0 0 0 0 0 0 0 0 0 0 0 0
0 0 0 0 0 0 0 0 0 0 0 0 0 0 0 0 0 0 0 0 0 0 0 0 0 0
0 0 0 0 0 0 0 0 0 0 0 0 0 0 0 0 0 0 0 0 0 0 0 0 0 0
19 22
2 1 1 3 19 76 35 70 10 71 1 2 4 18 52 62 51 35 49 73 52 1 1 3 6 53 57 24 63 4 57 3 58 12 51 62 60 1 1 4 4 54 35 26 34 41 38 55 34 1 1 5 6 77 68 12 62 29 65 79 70 41 66 28 64 1 1 6 5 13 49 71 47 21 50 40 46 54 46 2 1 7 6 11 63 16 67 71 62 31 64 36 61 59 58 1 8 3 33 62 30 60 79 57 1 1 9 6 51 75 19 78 77 78 61 71 63 69 66 81 1 1 10 6 46 72 45 76 12 71 48 72 29 67 55 72 1 1 11 6 71 70 78 66 5 76 10 64 26 70 65 71 1 1 12 5 38 46 25 50 75 41 56 48 6 44 1 1 13 3 48 33 49 37 12 34 1 1 14 3 37 77 62 76 41 73 1 1 15 6 56 45 5 47 62 48 24 50 44 44 9 42 1 1 16 6 70 71 17 71 13 75 77 67 19 75 58 76 1 1 17 5 79 70 72 68 20 67 58 70 53 68 2 1 18 4 61 43 39 41 21 45 8 39 1 19 4 33 40 76 38 39 43 23 40 1 1 20 4 18 63 14 66 46 66 54 63 1 1 21 4 72 64 51 66 26 62 15 61 1 1 22 6 51 80 11 86 59 77 66 83 73 83 2 85
0 0 0 0 0 0 0 0 0 0 0 0 0 0 0 0 0 0 0
0 0 0 0 0 0 0 0 0 0 0 0 0 0 0 0 0 0 0
0 0 0 0 0 0 0 0 0 0 0 0 0 0 0 0 0 0 0
0 0 0 0 0 0 0 0 0 0 0 0 0 0 0 0 0 0 0
0 0 0 0 0 0 0 0 0 0 0 0 0 0 0 0 0 0 0
0 0 0 0 0 0 0 0 0 0 0 0 0 0 0 0 0 0 0
0 0 0 0 0 0 0 0 0 0 0 0 0 0 0 0 0 0 0
0 0 0 0 0 0 0 0 0 0 0 0 0 0 0 0 0 0 0
0 0 0 0 0 0 0 0 0 0 0 0 0 0 0 0 0 0 0
0 0 0 0 0 0 0 0 0 0 0 0 0 0 0 0 0 0 0
0 0 0 0 0 0 0 0 0 0 0 0 0 0 0 0 0 0 0
0 0 0 0 0 0 0 0 0 0 0 0 0 0 0 0 0 0 0
0 0 0 0 0 0 0 0 0 0 0 0 0 0 0 0 0 0 0
0 0 0 0 0 0 0 0 0 0 0 0 0 0 0 0 0 0 0
0 0 0 0 0 0 0 0 0 0 0 0 0 0 0 0 0 0 0
0 0 0 0 0 0 0 0 0 0 0 0 0 0 0 0 0 0 0
0 0 0 0 0 0 0 0 0 0 0 0 0 0 0 0 0 0 0
0 0 0 0 0 0 0 0 0 0 0 0 0 0 0 0 0 0 0
0 0 0 0 0 0 0 0 0 0 0 0 0 0 0 0 0 0 0
23 25
1 1 1 4 27 48 50 48 26 48 23 48 1 1 2 6 78 74 32 73 22 74 30 70 75 74 28 74 1 1 3 5 30 40 66 36 58 37 9 42 73 39 1 1 4 5 47 38 46 38 49 39 40 40 15 42 1 1 5 6 36 43 25 40 76 43 66 46 29 40 21 41 1 1 6 4 6 31 4 33 25 30 79 33 1 1 7 3 31 65 74 69 36 62 1 1 8 5 57 41 61 35 47 40 38 40 42 41 1 1 9 5 69 58 27 64 56 55 73 63 62 57 1 1 10 5 35 64 8 61 13 69 4 62 44 65 1 1 11 3 74 37 11 36 72 36 1 1 12 4 6 70 17 72 46 72 57 68 1 1 13 3 30 48 47 46 75 45 1 1 14 5 61 62 56 65 16 60 1 64 43 59 1 1 15 3 40 66 2 69 14 63 2 1 16 5 45 56 42 60 72 57 13 53 49 56 1 17 5 59 61 34 58 29 58 13 64 38 61 2 1 18 5 62 60 18 55 65 63 80 63 27 59 1 19 6 31 46 69 46 47 50 15 45 55 47 51 45 1 1 20 6 71 73 55 74 33 72 5 79 21 74 30 67 1 1 21 4 26 47 47 49 31 44 79 46 1 1 22 6 64 59 44 57 62 60 43 55 6 58 16 60 1 1 23 5 68 65 46 63 16 69 43 63 57 66 1 1 24 4 63 73 55 69 67 69 8 74 1 1 25 6 3 74 47 69 78 69 45 71 63 73 42 76
0 0 0 0 0 0 0 0 0 0 0 0 0 0 0 0 0 0 0 0 0 0 0
0 0 0 0 0 0 0 0 0 0 0 0 0 0 0 0 0 0 0 0 0 0 0
0 0 0 0 0 0 0 0 0 0 0 0 0 0 0 0 0 0 0 0 0 0 0
0 0 0 0 0 0 0 0 0 0 0 0 0 0 0 0 0 0 0 0 0 0 0
0 0 0 0 0 0 0 0 0 0 0 0 0 0 0 0 0 0 0 0 0 0 0
0 0 0 0 0 0 0 0 0 0 0 0 0 0 0 0 0 0 0 0 0 0 0
0 0 0 0 0 0 0 0 0 0 0 0 0 0 0 0 0 0 0 0 0 0 0
0 0 0 0 0 0 0 0 0 0 0 0 0 0 0 0 0 0 0 0 0 0 0
0 0 0 0 0 0 0 0 0 0 0 0 0 0 0 0 0 0 0 0 0 0 0
0 0 0 0 0 0 0 0 0 0 0 0 0 0 0 0 0 0 0 0 0 0 0
0 0 0 0 0 0 0 0 0 0 0 0 0 0 0 0 0 0 0 0 0 0 0
0 0 0 0 0 0 0 0 0 0 0 0 0 0 0 0 0 0 0 0 0 0 0
0 0 0 0 0 0 0 0 0 0 0 0 0 0 0 0 0 0 0 0 0 0 0
0 0 0 0 0 0 0 0 0 0 0 0 0 0 0 0 0 0 0 0 0 0 0
0 0 0 0 0 0 0 0 0 0 0 0 0 0 0 0 0 0 0 0 0 0 0
0 0 0 0 0 0 0 0 0 0 0 0 0 0 0 0 0 0 0 0 0 0 0
0 0 0 0 0 0 0 0 0 0 0 0 0 0 0 0 0 0 0 0 0 0 0
0 0 0 0 0 0 0 0 0 0 0 0 0 0 0 0 0 0 0 0 0 0 0
0 0 0 0 0 0 0 0 0 0 0 0 0 0 0 0 0 0 0 0 0 0 0
0 0 0 0 0 0 0 0 0 0 0 0 0 0 0 0 0 0 0 0 0 0 0
0 0 0 0 0 0 0 0 0 0 0 0 0 0 0 0 0 0 0 0 0 0 0
0 0 0 0 0 0 0 0 0 0 0 0 0 0 0 0 0 0 0 0 0 0 0
0 0 0 0 0 0 0 0 0 0 0 0 0 0 0 0 0 0 0 0 0 0 0
22 25
1 1 1 4 4 50 33 46 10 52 31 46 1 1 2 3 4 34 10 37 22 36 1 1 3 3 25 74 7 73 60 77 1 1 4 4 49 58 2 56 50 57 21 57 1 1 5 4 39 71 2 67 48 75 40 69 1 1 6 5 10 66 35 67 15 70 8 68 36 64 1 1 7 4 25 54 23 49 76 49 75 54 1 1 8 3 54 64 31 59 24 59 1 1 9 5 29 47 80 50 49 46 2 46 45 52 2 1 10 3 7 44 13 46 62 48 1 11 4 16 56 38 54 65 56 43 56 1 1 12 4 27 62 6 58 37 59 40 66 1 1 13 3 78 67 17 64 22 68 1 1 14 3 24 45 30 44 74 47 1 1 15 3 17 31 25 32 23 34 1 1 16 5 43 78 67 81 34 72 2 79 47 79 1 1 17 5 59 74 20 71 1 74 47 78 33 74 1 1 18 5 71 34 36 36 46 36 26 37 61 31 2 1 19 5 6 57 21 62 65 57 62 62 22 57 1 20 3 54 67 1 63 61 66 1 1 21 5 6 43 17 40 57 40 68 42 45 48 1 1 22 3 37 76 49 74 1 73 2 1 23 5 67 46 75 47 59 42 1 45 19 51 1 24 4 15 49 69 48 1 48 67 46 1 1 25 4 78 49 54 51 5 45 71 43
0 0 0 0 0 0 0 0 0 0 0 0 0 0 0 0 0 0 0 0 0 0
0 0 0 0 0 0 0 0 0 0 0 0 0 0 0 0 0 0 0 0 0 0
0 0 0 0 0 0 0 0 0 0 0 0 0 0 0 0 0 0 0 0 0 0
0 0 0 0 0 0 0 0 0 0 0 0 0 0 0 0 0 0 0 0 0 0
0 0 0 0 0 0 0 0 0 0 0 0 0 0 0 0 0 0 0 0 0 0
0 0 0 0 0 0 0 0 0 0 0 0 0 0 0 0 0 0 0 0 0 0
0 0 0 0 0 0 0 0 0 0 0 0 0 0 0 0 0 0 0 0 0 0
0 0 0 0 0 0 0 0 0 0 0 0 0 0 0 0 0 0 0 0 0 0
0 0 0 0 0 0 0 0 0 0 0 0 0 0 0 0 0 0 0 0 0 0
0 0 0 0 0 0 0 0 0 0 0 0 0 0 0 0 0 0 0 0 0 0
0 0 0 0 0 0 0 0 0 0 0 0 0 0 0 0 0 0 0 0 0 0
0 0 0 0 0 0 0 0 0 0 0 0 0 0 0 0 0 0 0 0 0 0
0 0 0 0 0 0 0 0 0 0 0 0 0 0 0 0 0 0 0 0 0 0
0 0 0 0 0 0 0 0 0 0 0 0 0 0 0 0 0 0 0 0 0 0
0 0 0 0 0 0 0 0 0 0 0 0 0 0 0 0 0 0 0 0 0 0
0 0 0 0 0 0 0 0 0 0 0 0 0 0 0 0 0 0 0 0 0 0
0 0 0 0 0 0 0 0 0 0 0 0 0 0 0 0 0 0 0 0 0 0
0 0 0 0 0 0 0 0 0 0 0 0 0 0 0 0 0 0 0 0 0 0
0 0 0 0 0 0 0 0 0 0 0 0 0 0 0 0 0 0 0 0 0 0
0 0 0 0 0 0 0 0 0 0 0 0 0 0 0 0 0 0 0 0 0 0
0 0 0 0 0 0 0 0 0 0 0 0 0 0 0 0 0 0 0 0 0 0
0 0 0 0 0 0 0 0 0 0 0 0 0 0 0 0 0 0 0 0 0 0
23 26
1 1 1 5 80 64 6 63 76 65 50 67 25 62 1 1 2 3 62 56 4 54 15 53 2 1 3 4 74 36 67 36 58 31 16 34 1 4 5 77 32 61 35 69 36 36 31 49 34 1 1 5 3 77 46 52 44 14 48 1 1 6 3 2 32 30 32 36 33 1 1 7 3 68 41 61 37 74 47 1 1 8 6 54 39 37 39 18 37 32 40 49 37 46 43 1 1 9 6 43 73 69 72 20 70 31 78 12 76 74 71 1 1 10 5 47 33 25 33 60 34 66 27 43 36 1 1 11 6 51 77 17 73 37 79 30 76 4 78 49 77 1 1 12 4 10 51 13 49 29 54 51 53 1 1 13 5 48 44 41 39 76 42 59 46 10 45 1 1 14 6 12 79 37 76 48 79 80 77 44 83 17 83 1 1 15 3 2 38 35 36 3 38 1 1 16 6 25 38 75 42 6 38 28 35 3 40 69 37 1 1 17 5 76 52 32 53 28 49 29 54 13 50 1 1 18 3 51 65 39 65 7 63 1 1 19 3 45 74 40 72 37 78 2 1 20 5 3 52 78 56 12 48 5 53 30 49 1 21 3 36 53 17 47 14 48 1 1 22 4 43 80 73 79 11 84 67 76 2 1 23 6 19 48 23 52 54 47 59 47 35 43 32 49 1 24 6 8 41 70 46 48 43 39 46 47 38 42 35 1 1 25 4 3 75 42 78 65 77 55 70 1 1 26 5 67 39 71 37 1 36 37 43 68 39
0 0 0 0 0 0 0 0 0 0 0 0 0 0 0 0 0 0 0 0 0 0 0
0 0 0 0 0 0 0 0 0 0 0 0 0 0 0 0 0 0 0 0 0 0 0
0 0 0 0 0 0 0 0 0 0 0 0 0 0 0 0 0 0 0 0 0 0 0
0 0 0 0 0 0 0 0 0 0 0 0 0 0 0 0 0 0 0 0 0 0 0
0 0 0 0 0 0 0 0 0 0 0 0 0 0 0 0 0 0 0 0 0 0 0
0 0 0 0 0 0 0 0 0 0 0 0 0 0 0 0 0 0 0 0 0 0 0
0 0 0 0 0 0 0 0 0 0 0 0 0 0 0 0 0 0 0 0 0 0 0
0 0 0 0 0 0 0 0 0 0 0 0 0 0 0 0 0 0 0 0 0 0 0
0 0 0 0 0 0 0 0 0 0 0 0 0 0 0 0 0 0 0 0 0 0 0
0 0 0 0 0 0 0 0 0 0 0 0 0 0 0 0 0 0 0 0 0 0 0
0 0 0 0 0 0 0 0 0 0 0 0 0 0 0 0 0 0 0 0 0 0 0
0 0 0 0 0 0 0 0 0 0 0 0 0 0 0 0 0 0 0 0 0 0 0
0 0 0 0 0 0 0 0 0 0 0 0 0 0 0 0 0 0 0 0 0 0 0
0 0 0 0 0 0 0 0 0 0 0 0 0 0 0 0 0 0 0 0 0 0 0
0 0 0 0 0 0 0 0 0 0 0 0 0 0 0 0 0 0 0 0 0 0 0
0 0 0 0 0 0 0 0 0 0 0 0 0 0 0 0 0 0 0 0 0 0 0
0 0 0 0 0 0 0 0 0 0 0 0 0 0 0 0 0 0 0 0 0 0 0
0 0 0 0 0 0 0 0 0 0 0 0 0 0 0 0 0 0 0 0 0 0 0
0 0 0 0 0 0 0 0 0 0 0 0 0 0 0 0 0 0 0 0 0 0 0
0 0 0 0 0 0 0 0 0 0 0 0 0 0 0 0 0 0 0 0 0 0 0
0 0 0 0 0 0 0 0 0 0 0 0 0 0 0 0 0 0 0 0 0 0 0
0 0 0 0 0 0 0 0 0 0 0 0 0 0 0 0 0 0 0 0 0 0 0
0 0 0 0 0 0 0 0 0 0 0 0 0 0 0 0 0 0 0 0 0 0 0
20 23
1 1 1 6 51 59 64 58 29 63 12 64 76 59 21 56 1 1 2 4 27 66 22 71 13 67 16 70 1 1 3 3 2 56 11 53 1 56 1 1 4 3 61 61 77 59 66 60 2 1 5 6 21 53 37 55 56 55 53 52 47 53 32 55 1 6 4 76 39 27 40 7 43 38 42 1 1 7 5 2 32 57 37 1 31 28 33 39 29 1 1 8 3 68 74 79 71 10 75 1 1 9 5 69 31 3 28 39 34 62 33 48 32 1 1 10 3 73 34 55 31 18 31 2 1 11 3 62 58 17 62 6 60 1 12 5 11 43 42 38 76 33 37 39 27 36 1 1 13 2 21 67 45 70 1 1 14 3 17 61 13 63 49 62 1 1 15 4 61 49 16 55 71 55 32 45 1 1 16 3 44 47 64 41 9 42 1 1 17 3 77 53 54 55 20 53 1 1 18 3 16 69 72 64 25 75 1 1 19 4 29 59 8 56 34 63 65 57 1 1 20 3 80 41 65 40 56 39 2 1 21 5 1 47 23 50 50 42 39 44 8 51 1 22 4 8 75 34 77 64 72 49 75 1 1 23 4 46 59 77 56 79 61 10 57
0 0 0 0 0 0 0 0 0 0 0 0 0 0 0 0 0 0 0 0
0 0 0 0 0 0 0 0 0 0 0 0 0 0 0 0 0 0 0 0
0 0 0 0 0 0 0 0 0 0 0 0 0 0 0 0 0 0 0 0
0 0 0 0 0 0 0 0 0 0 0 0 0 0 0 0 0 0 0 0
0 0 0 0 0 0 0 0 0 0 0 0 0 0 0 0 0 0 0 0
0 0 0 0 0 0 0 0 0 0 0 0 0 0 0 0 0 0 0 0
0 0 0 0 0 0 0 0 0 0 0 0 0 0 0 0 0 0 0 0
0 0 0 0 0 0 0 0 0 0 0 0 0 0 0 0 0 0 0 0
0 0 0 0 0 0 0 0 0 0 0 0 0 0 0 0 0 0 0 0
0 0 0 0 0 0 0 0 0 0 0 0 0 0 0 0 0 0 0 0
0 0 0 0 0 0 0 0 0 0 0 0 0 0 0 0 0 0 0 0
0 0 0 0 0 0 0 0 0 0 0 0 0 0 0 0 0 0 0 0
0 0 0 0 0 0 0 0 0 0 0 0 0 0 0 0 0 0 0 0
0 0 0 0 0 0 0 0 0 0 0 0 0 0 0 0 0 0 0 0
0 0 0 0 0 0 0 0 0 0 0 0 0 0 0 0 0 0 0 0
0 0 0 0 0 0 0 0 0 0 0 0 0 0 0 0 0 0 0 0
0 0 0 0 0 0 0 0 0 0 0 0 0 0 0 0 0 0 0 0
0 0 0 0 0 0 0 0 0 0 0 0 0 0 0 0 0 0 0 0
0 0 0 0 0 0 0 0 0 0 0 0 0 0 0 0 0 0 0 0
0 0 0 0 0 0 0 0 0 0 0 0 0 0 0 0 0 0 0 0
21 23
1 1 1 6 65 58 41 58 78 57 54 57 73 58 62 55 2 1 2 3 40 76 64 73 51 80 1 3 3 49 40 21 41 47 40 1 1 4 5 2 58 68 54 31 60 10 56 73 59 1 1 5 3 56 31 34 31 32 35 1 1 6 2 35 68 54 66 1 1 7 5 16 35 19 34 35 33 54 31 1 33 1 1 8 6 22 42 72 40 31 42 52 48 8 39 65 41 1 1 9 6 10 62 74 61 72 56 2 62 69 62 54 61 1 1 10 3 57 60 32 62 8 57 1 1 11 4 19 48 74 51 79 45 22 48 1 1 12 3 73 58 8 58 40 55 1 1 13 4 67 62 60 58 49 62 62 59 1 1 14 2 22 64 45 70 1 1 15 6 65 48 79 49 39 50 41 43 50 50 74 47 2 1 16 4 10 34 68 29 40 34 20 31 1 17 3 41 57 62 56 18 59 1 1 18 5 29 69 3 74 46 66 63 73 13 72 1 1 19 3 17 36 42 41 47 42 1 1 20 4 7 41 27 43 57 42 65 43 1 1 21 6 49 65 42 63 56 66 48 70 61 68 6 64 1 1 22 3 65 70 14 71 38 68 1 1 23 3 32 53 48 54 73 52
0 0 0 0 0 0 0 0 0 0 0 0 0 0 0 0 0 0 0 0 0
0 0 0 0 0 0 0 0 0 0 0 0 0 0 0 0 0 0 0 0 0
0 0 0 0 0 0 0 0 0 0 0 0 0 0 0 0 0 0 0 0 0
0 0 0 0 0 0 0 0 0 0 0 0 0 0 0 0 0 0 0 0 0
0 0 0 0 0 0 0 0 0 0 0 0 0 0 0 0 0 0 0 0 0
0 0 0 0 0 0 0 0 0 0 0 0 0 0 0 0 0 0 0 0 0
0 0 0 0 0 0 0 0 0 0 0 0 0 0 0 0 0 0 0 0 0
0 0 0 0 0 0 0 0 0 0 0 0 0 0 0 0 0 0 0 0 0
0 0 0 0 0 0 0 0 0 0 0 0 0 0 0 0 0 0 0 0 0
0 0 0 0 0 0 0 0 0 0 0 0 0 0 0 0 0 0 0 0 0
0 0 0 0 0 0 0 0 0 0 0 0 0 0 0 0 0 0 0 0 0
0 0 0 0 0 0 0 0 0 0 0 0 0 0 0 0 0 0 0 0 0
0 0 0 0 0 0 0 0 0 0 0 0 0 0 0 0 0 0 0 0 0
0 0 0 0 0 0 0 0 0 0 0 0 0 0 0 0 0 0 0 0 0
0 0 0 0 0 0 0 0 0 0 0 0 0 0 0 0 0 0 0 0 0
0 0 0 0 0 0 0 0 0 0 0 0 0 0 0 0 0 0 0 0 0
0 0 0 0 0 0 0 0 0 0 0 0 0 0 0 0 0 0 0 0 0
0 0 0 0 0 0 0 0 0 0 0 0 0 0 0 0 0 0 0 0 0
0 0 0 0 0 0 0 0 0 0 0 0 0 0 0 0 0 0 0 0 0
0 0 0 0 0 0 0 0 0 0 0 0 0 0 0 0 0 0 0 0 0
0 0 0 0 0 0 0 0 0 0 0 0 0 0 0 0 0 0 0 0 0
22 24
1 1 1 4 66 72 41 66 4 74 64 72 2 1 2 6 68 79 34 78 40 79 52 79 21 75 36 75 1 3 6 51 53 2 54 36 54 49 49 28 54 63 56 1 1 4 5 11 77 59 77 2 80 53 73 68 80 1 1 5 3 36 53 12 55 30 53 1 1 6 6 12 60 69 62 28 61 30 56 55 54 3 55 1 1 7 4 25 44 70 43 52 47 15 47 1 1 8 3 29 58 21 57 50 56 1 1 9 3 44 75 12 76 18 71 1 1 10 5 35 38 70 33 54 38 40 39 80 43 1 1 11 3 50 32 63 26 33 28 1 1 12 3 29 80 16 76 13 82 2 1 13 3 38 77 63 76 24 81 1 14 3 17 56 53 52 27 60 1 1 15 4 52 76 69 73 48 78 26 73 1 1 16 4 38 71 22 76 24 66 46 69 1 1 17 6 59 67 60 69 43 73 53 65 21 67 62 64 1 1 18 4 53 31 28 28 65 29 57 31 1 1 19 6 10 42 25 38 43 43 6 44 3 47 32 44 1 1 20 4 13 34 57 38 47 38 17 36 1 1 21 3 16 39 58 39 35 44 1 1 22 4 59 78 44 73 45 77 48 76 1 1 23 4 19 43 39 41 61 46 6 40 1 1 24 4 40 63 35 56 45 56 32 54
0 0 0 0 0 0 0 0 0 0 0 0 0 0 0 0 0 0 0 0 0 0
0 0 0 0 0 0 0 0 0 0 0 0 0 0 0 0 0 0 0 0 0 0
0 0 0 0 0 0 0 0 0 0 0 0 0 0 0 0 0 0 0 0 0 0
0 0 0 0 0 0 0 0 0 0 0 0 0 0 0 0 0 0 0 0 0 0
0 0 0 0 0 0 0 0 0 0 0 0 0 0 0 0 0 0 0 0 0 0
0 0 0 0 0 0 0 0 0 0 0 0 0 0 0 0 0 0 0 0 0 0
0 0 0 0 0 0 0 0 0 0 0 0 0 0 0 0 0 0 0 0 0 0
0 0 0 0 0 0 0 0 0 0 0 0 0 0 0 0 0 0 0 0 0 0
0 0 0 0 0 0 0 0 0 0 0 0 0 0 0 0 0 0 0 0 0 0
0 0 0 0 0 0 0 0 0 0 0 0 0 0 0 0 0 0 0 0 0 0
0 0 0 0 0 0 0 0 0 0 0 0 0 0 0 0 0 0 0 0 0 0
0 0 0 0 0 0 0 0 0 0 0 0 0 0 0 0 0 0 0 0 0 0
0 0 0 0 0 0 0 0 0 0 0 0 0 0 0 0 0 0 0 0 0 0
0 0 0 0 0 0 0 0 0 0 0 0 0 0 0 0 0 0 0 0 0 0
0 0 0 0 0 0 0 0 0 0 0 0 0 0 0 0 0 0 0 0 0 0
0 0 0 0 0 0 0 0 0 0 0 0 0 0 0 0 0 0 0 0 0 0
0 0 0 0 0 0 0 0 0 0 0 0 0 0 0 0 0 0 0 0 0 0
0 0 0 0 0 0 0 0 0 0 0 0 0 0 0 0 0 0 0 0 0 0
0 0 0 0 0 0 0 0 0 0 0 0 0 0 0 0 0 0 0 0 0 0
0 0 0 0 0 0 0 0 0 0 0 0 0 0 0 0 0 0 0 0 0 0
0 0 0 0 0 0 0 0 0 0 0 0 0 0 0 0 0 0 0 0 0 0
0 0 0 0 0 0 0 0 0 0 0 0 0 0 0 0 0 0 0 0 0 0
26 29
2 1 1 4 52 56 44 56 58 53 47 57 1 2 6 8 74 50 80 51 75 53 73 13 76 74 75 1 1 3 3 68 78 17 75 74 75 1 1 4 5 15 59 2 57 69 61 42 58 31 59 1 1 5 6 62 57 73 60 64 60 68 52 28 57 37 52 1 1 6 3 56 70 54 67 21 68 1 1 7 6 47 47 64 52 16 47 42 45 66 48 71 43 1 1 8 6 16 70 58 75 80 73 36 66 34 73 21 73 2 1 9 5 40 47 10 48 63 47 65 46 27 47 1 10 3 66 31 45 36 28 33 1 1 11 4 43 73 11 76 53 72 23 69 1 1 12 5 70 72 8 70 21 75 52 67 65 75 1 1 13 4 33 37 27 32 11 40 66 35 1 1 14 5 5 72 73 66 22 70 14 70 40 76 2 1 15 5 68 46 22 50 50 43 28 50 54 51 1 16 3 40 34 63 35 19 39 1 1 17 5 62 31 58 30 78 28 27 30 38 33 1 1 18 3 46 71 12 72 53 76 1 1 19 3 47 39 66 38 70 41 1 1 20 3 2 65 36 68 34 65 1 1 21 6 72 76 34 75 51 78 37 79 64 75 26 76 1 1 22 3 16 74 46 74 68 75 1 1 23 4 20 63 11 61 80 65 72 66 1 1 24 6 63 72 5 70 64 68 10 70 13 72 16 71 1 1 25 4 35 33 36 38 73 33 66 32 1 1 26 6 1 63 53 62 34 63 10 62 6 61 42 63 1 1 27 4 56 34 80 31 63 37 60 36 1 1 28 4 41 49 52 45 76 47 74 50 1 1 29 4 45 40 2 40 7 41 40 38
0 0 0 0 0 0 0 0 0 0 0 0 0 0 0 0 0 0 0 0 0 0 0 0 0 0
0 0 0 0 0 0 0 0 0 0 0 0 0 0 0 0 0 0 0 0 0 0 0 0 0 0
0 0 0 0 0 0 0 0 0 0 0 0 0 0 0 0 0 0 0 0 0 0 0 0 0 0
0 0 0 0 0 0 0 0 0 0 0 0 0 0 0 0 0 0 0 0 0 0 0 0 0 0
0 0 0 0 0 0 0 0 0 0 0 0 0 0 0 0 0 0 0 0 0 0 0 0 0 0
0 0 0 0 0 0 0 0 0 0 0 0 0 0 0 0 0 0 0 0 0 0 0 0 0 0
0 0 0 0 0 0 0 0 0 0 0 0 0 0 0 0 0 0 0 0 0 0 0 0 0 0
0 0 0 0 0 0 0 0 0 0 0 0 0 0 0 0 0 0 0 0 0 0 0 0 0 0
0 0 0 0 0 0 0 0 0 0 0 0 0 0 0 0 0 0 0 0 0 0 0 0 0 0
0 0 0 0 0 0 0 0 0 0 0 0 0 0 0 0 0 0 0 0 0 0 0 0 0 0
0 0 0 0 0 0 0 0 0 0 0 0 0 0 0 0 0 0 0 0 0 0 0 0 0 0
0 0 0 0 0 0 0 0 0 0 0 0 0 0 0 0 0 0 0 0 0 0 0 0 0 0
0 0 0 0 0 0 0 0 0 0 0 0 0 0 0 0 0 0 0 0 0 0 0 0 0 0
0 0 0 0 0 0 0 0 0 0 0 0 0 0 0 0 0 0 0 0 0 0 0 0 0 0
0 0 0 0 0 0 0 0 0 0 0 0 0 0 0 0 0 0 0 0 0 0 0 0 0 0
0 0 0 0 0 0 0 0 0 0 0 0 0 0 0 0 0 0 0 0 0 0 0 0 0 0
0 0 0 0 0 0 0 0 0 0 0 0 0 0 0 0 0 0 0 0 0 0 0 0 0 0
0 0 0 0 0 0 0 0 0 0 0 0 0 0 0 0 0 0 0 0 0 0 0 0 0 0
0 0 0 0 0 0 0 0 0 0 0 0 0 0 0 0 0 0 0 0 0 0 0 0 0 0
0 0 0 0 0 0 0 0 0 0 0 0 0 0 0 0 0 0 0 0 0 0 0 0 0 0
0 0 0 0 0 0 0 0 0 0 0 0 0 0 0 0 0 0 0 0 0 0 0 0 0 0
0 0 0 0 0 0 0 0 0 0 0 0 0 0 0 0 0 0 0 0 0 0 0 0 0 0
0 0 0 0 0 0 0 0 0 0 0 0 0 0 0 0 0 0 0 0 0 0 0 0 0 0
0 0 0 0 0 0 0 0 0 0 0 0 0 0 0 0 0 0 0 0 0 0 0 0 0 0
0 0 0 0 0 0 0 0 0 0 0 0 0 0 0 0 0 0 0 0 0 0 0 0 0 0
0 0 0 0 0 0 0 0 0 0 0 0 0 0 0 0 0 0 0 0 0 0 0 0 0 0
17 20
1 1 1 6 19 46 25 43 37 49 24 44 75 43 12 42 1 1 2 5 42 49 41 50 69 50 9 51 66 48 2 1 3 5 77 58 26 57 40 58 29 57 63 59 1 4 4 10 62 54 60 42 64 68 64 1 1 5 6 37 73 35 73 55 76 17 71 62 75 24 76 1 1 6 5 24 58 14 57 45 59 13 56 6 59 2 1 7 4 4 41 42 39 74 35 15 37 1 8 5 4 54 61 57 43 56 55 57 16 57 1 1 9 4 43 57 67 59 14 59 2 62 1 1 10 6 10 56 57 50 58 58 29 58 30 57 43 53 2 1 11 5 73 34 52 36 34 39 57 29 74 34 1 12 6 25 74 74 74 58 77 47 80 39 70 55 69 1 1 13 5 9 35 4 36 11 34 80 33 68 33 1 1 14 4 50 60 77 59 24 65 12 60 1 1 15 3 21 76 31 77 48 78 1 1 16 5 64 65 58 68 30 63 12 64 62 66 1 1 17 6 69 52 74 55 48 52 16 54 59 55 23 57 1 1 18 3 13 72 62 73 66 74 1 1 19 6 50 31 10 31 19 28 5 34 72 27 71 27 1 1 20 3 45 51 52 59 30 56
0 0 0 0 0 0 0 0 0 0 0 0 0 0 0 0 0
0 0 0 0 0 0 0 0 0 0 0 0 0 0 0 0 0
0 0 0 0 0 0 0 0 0 0 0 0 0 0 0 0 0
0 0 0 0 0 0 0 0 0 0 0 0 0 0 0 0 0
0 0 0 0 0 0 0 0 0 0 0 0 0 0 0 0 0
0 0 0 0 0 0 0 0 0 0 0 0 0 0 0 0 0
0 0 0 0 0 0 0 0 0 0 0 0 0 0 0 0 0
0 0 0 0 0 0 0 0 0 0 0 0 0 0 0 0 0
0 0 0 0 0 0 0 0 0 0 0 0 0 0 0 0 0
0 0 0 0 0 0 0 0 0 0 0 0 0 0 0 0 0
0 0 0 0 0 0 0 0 0 0 0 0 0 0 0 0 0
0 0 0 0 0 0 0 0 0 0 0 0 0 0 0 0 0
0 0 0 0 0 0 0 0 0 0 0 0 0 0 0 0 0
0 0 0 0 0 0 0 0 0 0 0 0 0 0 0 0 0
0 0 0 0 0 0 0 0 0 0 0 0 0 0 0 0 0
0 0 0 0 0 0 0 0 0 0 0 0 0 0 0 0 0
0 0 0 0 0 0 0 0 0 0 0 0 0 0 0 0 0
28 30
1 1 1 5 15 75 71 72 76 74 16 73 12 73 1 1 2 4 79 49 74 42 40 44 61 39 1 1 3 6 15 77 52 76 9 80 50 80 49 77 65 79 1 1 4 3 67 41 40 41 10 42 1 1 5 4 69 55 1 56 24 57 17 51 1 1 6 3 53 75 30 71 72 77 1 1 7 4 57 51 62 53 21 55 44 52 1 1 8 4 29 71 8 71 44 74 34 70 1 1 9 4 13 70 44 68 61 70 24 67 1 1 10 5 4 53 37 51 79 52 26 50 3 54 1 1 11 5 64 58 77 61 8 55 5 57 21 60 1 1 12 3 46 32 57 27 39 33 1 1 13 4 77 62 52 59 39 67 58 61 1 1 14 5 74 50 30 50 70 54 68 52 38 49 1 1 15 3 61 50 5 53 8 46 1 1 16 3 10 53 37 51 19 51 1 1 17 4 48 38 70 40 68 43 71 34 2 1 18 4 10 32 76 33 36 36 19 34 1 19 4 20 34 36 31 58 32 51 32 1 1 20 5 55 54 65 56 1 57 45 54 80 56 1 1 21 5 77 66 12 71 17 63 3 68 55 60 1 1 22 3 80 58 7 63 61 60 1 1 23 3 13 51 6 56 12 51 1 1 24 4 9 76 23 80 74 74 45 71 1 1 25 2 2 65 10 66 1 1 26 3 30 46 28 47 37 48 2 1 27 5 13 77 12 77 31 80 2 80 3 78 1 28 4 67 42 56 39 43 45 14 36 1 1 29 4 66 32 14 34 34 37 76 29 1 1 30 4 79 36 19 34 41 35 32 33
0 0 0 0 0 0 0 0 0 0 0 0 0 0 0 0 0 0 0 0 0 0 0 0 0 0 0 0
0 0 0 0 0 0 0 0 0 0 0 0 0 0 0 0 0 0 0 0 0 0 0 0 0 0 0 0
0 0 0 0 0 0 0 0 0 0 0 0 0 0 0 0 0 0 0 0 0 0 0 0 0 0 0 0
0 0 0 0 0 0 0 0 0 0 0 0 0 0 0 0 0 0 0 0 0 0 0 0 0 0 0 0
0 0 0 0 0 0 0 0 0 0 0 0 0 0 0 0 0 0 0 0 0 0 0 0 0 0 0 0
0 0 0 0 0 0 0 0 0 0 0 0 0 0 0 0 0 0 0 0 0 0 0 0 0 0 0 0
0 0 0 0 0 0 0 0 0 0 0 0 0 0 0 0 0 0 0 0 0 0 0 0 0 0 0 0
0 0 0 0 0 0 0 0 0 0 0 0 0 0 0 0 0 0 0 0 0 0 0 0 0 0 0 0
0 0 0 0 0 0 0 0 0 0 0 0 0 0 0 0 0 0 0 0 0 0 0 0 0 0 0 0
0 0 0 0 0 0 0 0 0 0 0 0 0 0 0 0 0 0 0 0 0 0 0 0 0 0 0 0
0 0 0 0 0 0 0 0 0 0 0 0 0 0 0 0 0 0 0 0 0 0 0 0 0 0 0 0
0 0 0 0 0 0 0 0 0 0 0 0 0 0 0 0 0 0 0 0 0 0 0 0 0 0 0 0
0 0 0 0 0 0 0 0 0 0 0 0 0 0 0 0 0 0 0 0 0 0 0 0 0 0 0 0
0 0 0 0 0 0 0 0 0 0 0 0 0 0 0 0 0 0 0 0 0 0 0 0 0 0 0 0
0 0 0 0 0 0 0 0 0 0 0 0 0 0 0 0 0 0 0 0 0 0 0 0 0 0 0 0
0 0 0 0 0 0 0 0 0 0 0 0 0 0 0 0 0 0 0 0 0 0 0 0 0 0 0 0
0 0 0 0 0 0 0 0 0 0 0 0 0 0 0 0 0 0 0 0 0 0 0 0 0 0 0 0
0 0 0 0 0 0 0 0 0 0 0 0 0 0 0 0 0 0 0 0 0 0 0 0 0 0 0 0
0 0 0 0 0 0 0 0 0 0 0 0 0 0 0 0 0 0 0 0 0 0 0 0 0 0 0 0
0 0 0 0 0 0 0 0 0 0 0 0 0 0 0 0 0 0 0 0 0 0 0 0 0 0 0 0
0 0 0 0 0 0 0 0 0 0 0 0 0 0 0 0 0 0 0 0 0 0 0 0 0 0 0 0
0 0 0 0 0 0 0 0 0 0 0 0 0 0 0 0 0 0 0 0 0 0 0 0 0 0 0 0
0 0 0 0 0 0 0 0 0 0 0 0 0 0 0 0 0 0 0 0 0 0 0 0 0 0 0 0
0 0 0 0 0 0 0 0 0 0 0 0 0 0 0 0 0 0 0 0 0 0 0 0 0 0 0 0
0 0 0 0 0 0 0 0 0 0 0 0 0 0 0 0 0 0 0 0 0 0 0 0 0 0 0 0
0 0 0 0 0 0 0 0 0 0 0 0 0 0 0 0 0 0 0 0 0 0 0 0 0 0 0 0
0 0 0 0 0 0 0 0 0 0 0 0 0 0 0 0 0 0 0 0 0 0 0 0 0 0 0 0
0 0 0 0 0 0 0 0 0 0 0 0 0 0 0 0 0 0 0 0 0 0 0 0 0 0 0 0
21 23
1 1 1 5 69 37 46 40 43 41 11 34 70 37 1 1 2 2 65 69 12 74 1 1 3 4 55 46 36 45 69 48 40 41 1 1 4 3 6 32 55 33 7 30 1 1 5 3 48 44 22 41 6 39 1 1 6 4 32 54 13 45 62 47 67 49 1 1 7 5 9 47 74 49 80 45 52 43 49 46 1 1 8 6 74 75 67 71 24 75 9 74 76 77 47 78 1 1 9 5 77 49 31 50 68 45 72 54 53 51 1 1 10 6 69 61 30 63 71 66 65 59 18 62 52 61 1 1 11 5 47 43 60 47 24 42 1 44 14 45 2 1 12 4 43 63 70 61 38 65 19 64 1 13 5 3 48 14 47 28 48 31 53 75 42 1 1 14 5 25 49 76 47 47 50 52 50 26 55 1 1 15 4 12 48 73 46 39 46 16 42 1 1 16 5 59 60 52 62 29 59 48 65 78 60 1 1 17 5 77 70 69 69 67 73 44 70 72 73 1 1 18 3 65 70 76 72 71 74 1 1 19 4 35 34 2 34 60 29 12 30 2 1 20 3 65 42 22 40 9 42 1 21 4 13 63 6 64 62 60 12 62 1 1 22 5 78 44 21 48 43 47 35 47 14 49 1 1 23 6 23 31 34 28 79 32 13 28 38 27 1 32
0 0 0 0 0 0 0 0 0 0 0 0 0 0 0 0 0 0 0 0 0
0 0 0 0 0 0 0 0 0 0 0 0 0 0 0 0 0 0 0 0 0
0 0 0 0 0 0 0 0 0 0 0 0 0 0 0 0 0 0 0 0 0
0 0 0 0 0 0 0 0 0 0 0 0 0 0 0 0 0 0 0 0 0
0 0 0 0 0 0 0 0 0 0 0 0 0 0 0 0 0 0 0 0 0
0 0 0 0 0 0 0 0 0 0 0 0 0 0 0 0 0 0 0 0 0
0 0 0 0 0 0 0 0 0 0 0 0 0 0 0 0 0 0 0 0 0
0 0 0 0 0 0 0 0 0 0 0 0 0 0 0 0 0 0 0 0 0
0 0 0 0 0 0 0 0 0 0 0 0 0 0 0 0 0 0 0 0 0
0 0 0 0 0 0 0 0 0 0 0 0 0 0 0 0 0 0 0 0 0
0 0 0 0 0 0 0 0 0 0 0 0 0 0 0 0 0 0 0 0 0
0 0 0 0 0 0 0 0 0 0 0 0 0 0 0 0 0 0 0 0 0
0 0 0 0 0 0 0 0 0 0 0 0 0 0 0 0 0 0 0 0 0
0 0 0 0 0 0 0 0 0 0 0 0 0 0 0 0 0 0 0 0 0
0 0 0 0 0 0 0 0 0 0 0 0 0 0 0 0 0 0 0 0 0
0 0 0 0 0 0 0 0 0 0 0 0 0 0 0 0 0 0 0 0 0
0 0 0 0 0 0 0 0 0 0 0 0 0 0 0 0 0 0 0 0 0
0 0 0 0 0 0 0 0 0 0 0 0 0 0 0 0 0 0 0 0 0
0 0 0 0 0 0 0 0 0 0 0 0 0 0 0 0 0 0 0 0 0
0 0 0 0 0 0 0 0 0 0 0 0 0 0 0 0 0 0 0 0 0
0 0 0 0 0 0 0 0 0 0 0 0 0 0 0 0 0 0 0 0 0
20 22
1 1 1 6 30 63 41 64 67 62 22 67 56 59 32 60 2 1 2 5 4 70 65 66 29 73 59 69 28 72 1 3 4 23 76 65 75 68 77 51 75 1 1 4 5 36 56 75 54 22 56 67 54 51 62 1 1 5 5 9 49 19 46 68 50 51 48 22 50 1 1 6 3 76 36 42 38 34 41 1 1 7 3 30 39 76 35 29 36 1 1 8 4 61 38 49 33 21 35 58 42 1 1 9 5 60 35 71 38 16 38 40 36 56 39 1 1 10 5 51 67 47 66 45 65 30 63 59 68 1 1 11 5 6 67 18 68 56 62 39 69 57 63 2 1 12 6 52 68 74 68 23 63 71 68 45 66 58 65 1 13 5 26 34 8 33 19 39 51 31 60 32 1 1 14 6 2 57 14 57 60 54 79 55 34 51 80 52 1 1 15 3 5 67 46 72 42 63 1 1 16 4 32 31 17 36 62 36 53 34 1 1 17 3 39 45 59 43 70 44 1 1 18 4 67 76 79 70 66 80 1 80 1 1 19 5 9 74 6 78 49 72 30 73 8 75 1 1 20 3 54 40 58 44 8 39 1 1 21 6 13 37 31 34 40 41 18 39 20 38 16 32 1 1 22 5 7 58 77 61 72 60 37 56 68 60
0 0 0 0 0 0 0 0 0 0 0 0 0 0 0 0 0 0 0 0
0 0 0 0 0 0 0 0 0 0 0 0 0 0 0 0 0 0 0 0
0 0 0 0 0 0 0 0 0 0 0 0 0 0 0 0 0 0 0 0
0 0 0 0 0 0 0 0 0 0 0 0 0 0 0 0 0 0 0 0
0 0 0 0 0 0 0 0 0 0 0 0 0 0 0 0 0 0 0 0
0 0 0 0 0 0 0 0 0 0 0 0 0 0 0 0 0 0 0 0
0 0 0 0 0 0 0 0 0 0 0 0 0 0 0 0 0 0 0 0
0 0 0 0 0 0 0 0 0 0 0 0 0 0 0 0 0 0 0 0
0 0 0 0 0 0 0 0 0 0 0 0 0 0 0 0 0 0 0 0
0 0 0 0 0 0 0 0 0 0 0 0 0 0 0 0 0 0 0 0
0 0 0 0 0 0 0 0 0 0 0 0 0 0 0 0 0 0 0 0
0 0 0 0 0 0 0 0 0 0 0 0 0 0 0 0 0 0 0 0
0 0 0 0 0 0 0 0 0 0 0 0 0 0 0 0 0 0 0 0
0 0 0 0 0 0 0 0 0 0 0 0 0 0 0 0 0 0 0 0
0 0 0 0 0 0 0 0 0 0 0 0 0 0 0 0 0 0 0 0
0 0 0 0 0 0 0 0 0 0 0 0 0 0 0 0 0 0 0 0
0 0 0 0 0 0 0 0 0 0 0 0 0 0 0 0 0 0 0 0
0 0 0 0 0 0 0 0 0 0 0 0 0 0 0 0 0 0 0 0
0 0 0 0 0 0 0 0 0 0 0 0 0 0 0 0 0 0 0 0
0 0 0 0 0 0 0 0 0 0 0 0 0 0 0 0 0 0 0 0
21 24
1 1 1 6 71 79 5 81 6 78 34 79 52 81 27 83 1 1 2 3 51 64 3 67 58 60 1 1 3 5 49 62 6 60 72 64 18 63 14 62 1 1 4 6 79 71 63
 74 55 75 50 73 75 70 51 69 1 1 5 3 8 32 63 37 69 34 1 1 6 3 15 54 14 49 75 59 1 1 7 6 77 34 73 38 30 38 3 34 56 40 45 34 1 1 8 5 65 57 1 61 25 58 70 61 34 55 1 1 9 4 1 54 63 51 69 56 56 51 2 1 10 6 33 70 78 70 43 72 69 69 7 67 2 71 1 11 3 57 74 13 77 56 77 1 1 12 6 1 68 42 62 11 67 21 69 33 66 15 71 1 1 13 6 33 43 56 43 59 45 44 40 15 47 80 44 1 1 14 5 30 56 33 54 70 51 58 61 6 57 1 1 15 5 76 48 61 47 49 47 78 44 44 49 1 1 16 5 51 38 39 35 35 39 73 42 38 33 1 1 17 5 36 33 43 38 66 33 20 29 77 35 2 1 18 5 55 69 7 67 80 72 25 65 21 72 1 19 5 73 62 55 63 17 64 25 67 46 65 2 1 20 3 35 67 22 64 44 71 1 21 4 25 32 63 30 23 33 5 28 1 1 22 4 26 60 29 57 18 66 40 60 1 1 23 4 34 64 21 62 27 62 28 66 1 1 24 3 58 56 46 56 60 59
0 0 0 0 0 0 0 0 0 0 0 0 0 0 0 0 0 0 0 0 0
0 0 0 0 0 0 0 0 0 0 0 0 0 0 0 0 0 0 0 0 0
0 0 0 0 0 0 0 0 0 0 0 0 0 0 0 0 0 0 0 0 0
0 0 0 0 0 0 0 0 0 0 0 0 0 0 0 0 0 0 0 0 0
0 0 0 0 0 0 0 0 0 0 0 0 0 0 0 0 0 0 0 0 0
0 0 0 0 0 0 0 0 0 0 0 0 0 0 0 0 0 0 0 0 0
0 0 0 0 0 0 0 0 0 0 0 0 0 0 0 0 0 0 0 0 0
0 0 0 0 0 0 0 0 0 0 0 0 0 0 0 0 0 0 0 0 0
0 0 0 0 0 0 0 0 0 0 0 0 0 0 0 0 0 0 0 0 0
0 0 0 0 0 0 0 0 0 0 0 0 0 0 0 0 0 0 0 0 0
0 0 0 0 0 0 0 0 0 0 0 0 0 0 0 0 0 0 0 0 0
0 0 0 0 0 0 0 0 0 0 0 0 0 0 0 0 0 0 0 0 0
0 0 0 0 0 0 0 0 0 0 0 0 0 0 0 0 0 0 0 0 0
0 0 0 0 0 0 0 0 0 0 0 0 0 0 0 0 0 0 0 0 0
0 0 0 0 0 0 0 0 0 0 0 0 0 0 0 0 0 0 0 0 0
0 0 0 0 0 0 0 0 0 0 0 0 0 0 0 0 0 0 0 0 0
0 0 0 0 0 0 0 0 0 0 0 0 0 0 0 0 0 0 0 0 0
0 0 0 0 0 0 0 0 0 0 0 0 0 0 0 0 0 0 0 0 0
0 0 0 0 0 0 0 0 0 0 0 0 0 0 0 0 0 0 0 0 0
0 0 0 0 0 0 0 0 0 0 0 0 0 0 0 0 0 0 0 0 0
0 0 0 0 0 0 0 0 0 0 0 0 0 0 0 0 0 0 0 0 0
25 28
1 1 1 3 66 72 52 78 34 69 1 1 2 3 76 47 50 49 33 45 1 1 3 5 45 65 2 61 56 66 5 63 38 63 1 1 4 4 75 46 15 46 40 50 65 44 1 1 5 4 75 48 12 47 14 49 36 53 1 1 6 3 48 42 31 38 41 47 2 1 7 6 41 52 45 57 38 52 30 50 52 49 22 46 1 8 4 2 73 69 70 53 76 71 77 1 1 9 3 61 72 5 74 16 76 1 1 10 5 74 69 12 74 80 67 59 73 73 66 2 1 11 4 66 34 26 33 71 30 64 34 1 12 3 70 74 16 74 67 79 1 1 13 3 71 77 54 75 23 73 1 1 14 6 29 49 15 49 59 44 18 55 42 44 58 46 1 1 15 3 62 45 40 44 57 47 1 1 16 3 48 70 44 71 36 74 1 1 17 3 51 79 38 80 31 79 1 1 18 6 37 38 2 41 44 42 60 42 65 41 53 38 1 1 19 5 12 70 66 65 34 74 40 74 53 70 1 1 20 5 47 56 3 54 16 53 11 56 34 54 1 1 21 6 73 43 1 39 59 49 40 40 48 41 27 46 2 1 22 3 7 49 43 54 80 44 1 23 4 34 64 62 67 31 65 57 61 1 1 24 4 5 57 73 53 59 61 42 52 1 1 25 5 11 43 61 45 57 43 31 45 44 40 1 1 26 5 36 68 15 66 75 74 68 70 46 68 1 1 27 5 70 33 36 38 4 38 26 35 25 37 1 1 28 6 10 78 78 81 11 76 40 81 66 78 53 80
0 0 0 0 0 0 0 0 0 0 0 0 0 0 0 0 0 0 0 0 0 0 0 0 0
0 0 0 0 0 0 0 0 0 0 0 0 0 0 0 0 0 0 0 0 0 0 0 0 0
0 0 0 0 0 0 0 0 0 0 0 0 0 0 0 0 0 0 0 0 0 0 0 0 0
0 0 0 0 0 0 0 0 0 0 0 0 0 0 0 0 0 0 0 0 0 0 0 0 0
0 0 0 0 0 0 0 0 0 0 0 0 0 0 0 0 0 0 0 0 0 0 0 0 0
0 0 0 0 0 0 0 0 0 0 0 0 0 0 0 0 0 0 0 0 0 0 0 0 0
0 0 0 0 0 0 0 0 0 0 0 0 0 0 0 0 0 0 0 0 0 0 0 0 0
0 0 0 0 0 0 0 0 0 0 0 0 0 0 0 0 0 0 0 0 0 0 0 0 0
0 0 0 0 0 0 0 0 0 0 0 0 0 0 0 0 0 0 0 0 0 0 0 0 0
0 0 0 0 0 0 0 0 0 0 0 0 0 0 0 0 0 0 0 0 0 0 0 0 0
0 0 0 0 0 0 0 0 0 0 0 0 0 0 0 0 0 0 0 0 0 0 0 0 0
0 0 0 0 0 0 0 0 0 0 0 0 0 0 0 0 0 0 0 0 0 0 0 0 0
0 0 0 0 0 0 0 0 0 0 0 0 0 0 0 0 0 0 0 0 0 0 0 0 0
0 0 0 0 0 0 0 0 0 0 0 0 0 0 0 0 0 0 0 0 0 0 0 0 0
0 0 0 0 0 0 0 0 0 0 0 0 0 0 0 0 0 0 0 0 0 0 0 0 0
0 0 0 0 0 0 0 0 0 0 0 0 0 0 0 0 0 0 0 0 0 0 0 0 0
0 0 0 0 0 0 0 0 0 0 0 0 0 0 0 0 0 0 0 0 0 0 0 0 0
0 0 0 0 0 0 0 0 0 0 0 0 0 0 0 0 0 0 0 0 0 0 0 0 0
0 0 0 0 0 0 0 0 0 0 0 0 0 0 0 0 0 0 0 0 0 0 0 0 0
0 0 0 0 0 0 0 0 0 0 0 0 0 0 0 0 0 0 0 0 0 0 0 0 0
0 0 0 0 0 0 0 0 0 0 0 0 0 0 0 0 0 0 0 0 0 0 0 0 0
0 0 0 0 0 0 0 0 0 0 0 0 0 0 0 0 0 0 0 0 0 0 0 0 0
0 0 0 0 0 0 0 0 0 0 0 0 0 0 0 0 0 0 0 0 0 0 0 0 0
0 0 0 0 0 0 0 0 0 0 0 0 0 0 0 0 0 0 0 0 0 0 0 0 0
0 0 0 0 0 0 0 0 0 0 0 0 0 0 0 0 0 0 0 0 0 0 0 0 0
26 29
1 1 1 3 52 32 30 36 44 32 2 1 2 6 43 38 51 35 80 41 32 38 58 39 40 38 1 3 4 10 61 64 59 59 66 9 59 1 1 4 3 15 80 29 83 56 84 1 1 5 4 37 67 16 69 76 66 68 68 1 1 6 4 40 51 58 52 57 47 73 51 2 1 7 5 14 80 4 86 61 82 49 80 11 80 1 8 2 13 68 57 72 1 1 9 4 43 42 4 44 19 40 35 45 1 1 10 5 37 48 25 43 65 44 12 44 53 45 1 1 11 5 60 61 3 60 30 64 58 62 44 64 1 1 12 6 52 38 22 36 77 37 79 42 68 35 40 39 1 1 13 5 20 53 40 57 49 57 54 54 37 60 1 1 14 5 2 57 78 58 48 57 12 54 35 58 1 1 15 6 11 56 55 56 39 59 30 58 15 53 78 59 1 1 16 6 31 48 63 45 6 45 10 53 53 47 76 47 1 1 17 3 78 62 52 57 46 57 2 1 18 4 59 56 54 59 48 56 49 57 1 19 2 20 40 44 40 1 1 20 3 62 50 72 46 54 53 1 1 21 4 42 58 2 62 50 58 12 59 1 1 22 4 65 32 24 31 61 34 68 28 1 1 23 4 49 79 50 84 6 81 21 82 1 1 24 5 38 51 72 53 3 52 80 49 63 46 1 1 25 4 32 39 52 33 35 40 63 37 1 1 26 3 62 70 9 72 32 73 1 1 27 5 67 46 14 40 69 45 31 47 54 40 1 1 28 3 64 35 33 34 63 36 1 1 29 5 66 64 19 65 52 68 50 64 55 64
0 0 0 0 0 0 0 0 0 0 0 0 0 0 0 0 0 0 0 0 0 0 0 0 0 0
0 0 0 0 0 0 0 0 0 0 0 0 0 0 0 0 0 0 0 0 0 0 0 0 0 0
0 0 0 0 0 0 0 0 0 0 0 0 0 0 0 0 0 0 0 0 0 0 0 0 0 0
0 0 0 0 0 0 0 0 0 0 0 0 0 0 0 0 0 0 0 0 0 0 0 0 0 0
0 0 0 0 0 0 0 0 0 0 0 0 0 0 0 0 0 0 0 0 0 0 0 0 0 0
0 0 0 0 0 0 0 0 0 0 0 0 0 0 0 0 0 0 0 0 0 0 0 0 0 0
0 0 0 0 0 0 0 0 0 0 0 0 0 0 0 0 0 0 0 0 0 0 0 0 0 0
0 0 0 0 0 0 0 0 0 0 0 0 0 0 0 0 0 0 0 0 0 0 0 0 0 0
0 0 0 0 0 0 0 0 0 0 0 0 0 0 0 0 0 0 0 0 0 0 0 0 0 0
0 0 0 0 0 0 0 0 0 0 0 0 0 0 0 0 0 0 0 0 0 0 0 0 0 0
0 0 0 0 0 0 0 0 0 0 0 0 0 0 0 0 0 0 0 0 0 0 0 0 0 0
0 0 0 0 0 0 0 0 0 0 0 0 0 0 0 0 0 0 0 0 0 0 0 0 0 0
0 0 0 0 0 0 0 0 0 0 0 0 0 0 0 0 0 0 0 0 0 0 0 0 0 0
0 0 0 0 0 0 0 0 0 0 0 0 0 0 0 0 0 0 0 0 0 0 0 0 0 0
0 0 0 0 0 0 0 0 0 0 0 0 0 0 0 0 0 0 0 0 0 0 0 0 0 0
0 0 0 0 0 0 0 0 0 0 0 0 0 0 0 0 0 0 0 0 0 0 0 0 0 0
0 0 0 0 0 0 0 0 0 0 0 0 0 0 0 0 0 0 0 0 0 0 0 0 0 0
0 0 0 0 0 0 0 0 0 0 0 0 0 0 0 0 0 0 0 0 0 0 0 0 0 0
0 0 0 0 0 0 0 0 0 0 0 0 0 0 0 0 0 0 0 0 0 0 0 0 0 0
0 0 0 0 0 0 0 0 0 0 0 0 0 0 0 0 0 0 0 0 0 0 0 0 0 0
0 0 0 0 0 0 0 0 0 0 0 0 0 0 0 0 0 0 0 0 0 0 0 0 0 0
0 0 0 0 0 0 0 0 0 0 0 0 0 0 0 0 0 0 0 0 0 0 0 0 0 0
0 0 0 0 0 0 0 0 0 0 0 0 0 0 0 0 0 0 0 0 0 0 0 0 0 0
0 0 0 0 0 0 0 0 0 0 0 0 0 0 0 0 0 0 0 0 0 0 0 0 0 0
0 0 0 0 0 0 0 0 0 0 0 0 0 0 0 0 0 0 0 0 0 0 0 0 0 0
0 0 0 0 0 0 0 0 0 0 0 0 0 0 0 0 0 0 0 0 0 0 0 0 0 0
26 29
1 1 1 5 54 47 33 46 10 50 17 46 43 42 1 1 2 4 50 31 46 36 69 30 12 32 1 1 3 3 4 44 50 40 43 39 1 1 4 6 34 74 18 71 70 77 3 72 4 76 22 72 1 1 5 3 45 74 1 79 77 71 1 1 6 4 46 48 80 51 59 51 17 46 1 1 7 6 76 59 52 58 21 65 33 56 32 57 26 62 1 1 8 5 74 55 29 52 9 55 6 54 78 61 1 1 9 5 26 37 10 41 50 36 34 40 69 36 1 1 10 3 58 64 36 64 24 58 1 1 11 5 54 43 30 48 13 42 7 39 55 39 1 1 12 3 75 56 19 60 17 53 1 1 13 5 39 31 71 31 33 35 3 33 58 33 1 1 14 3 63 40 77 37 28 43 1 1 15 4 20 53 63 48 75 51 18 51 1 1 16 4 22 74 77 71 64 80 18 72 2 1 17 4 6 45 42 36 54 38 40 35 1 18 4 45 78 46 78 60 72 18 82 1 1 19 6 65 32 17 31 68 31 64 31 31 32 75 36 2 1 20 3 58 59 35 61 24 57 1 21 3 25 61 70 63 19 67 2 1 22 5 37 79 51 75 16 79 67 73 55 83 1 23 5 61 59 39 62 25 61 35 57 1 60 1 1 24 5 67 67 29 67 79 72 60 70 57 70 1 1 25 6 31 55 6 51 24 53 80 57 62 59 2 50 1 1 26 6 59 77 50 82 70 74 75 74 62 81 5 77 1 1 27 4 74 54 10 49 32 56 27 50 1 1 28 4 35 68 28 63 38 71 55 66 1 1 29 4 19 33 40 37 32 38 77 31
0 0 0 0 0 0 0 0 0 0 0 0 0 0 0 0 0 0 0 0 0 0 0 0 0 0
0 0 0 0 0 0 0 0 0 0 0 0 0 0 0 0 0 0 0 0 0 0 0 0 0 0
0 0 0 0 0 0 0 0 0 0 0 0 0 0 0 0 0 0 0 0 0 0 0 0 0 0
0 0 0 0 0 0 0 0 0 0 0 0 0 0 0 0 0 0 0 0 0 0 0 0 0 0
0 0 0 0 0 0 0 0 0 0 0 0 0 0 0 0 0 0 0 0 0 0 0 0 0 0
0 0 0 0 0 0 0 0 0 0 0 0 0 0 0 0 0 0 0 0 0 0 0 0 0 0
0 0 0 0 0 0 0 0 0 0 0 0 0 0 0 0 0 0 0 0 0 0 0 0 0 0
0 0 0 0 0 0 0 0 0 0 0 0 0 0 0 0 0 0 0 0 0 0 0 0 0 0
0 0 0 0 0 0 0 0 0 0 0 0 0 0 0 0 0 0 0 0 0 0 0 0 0 0
0 0 0 0 0 0 0 0 0 0 0 0 0 0 0 0 0 0 0 0 0 0 0 0 0 0
0 0 0 0 0 0 0 0 0 0 0 0 0 0 0 0 0 0 0 0 0 0 0 0 0 0
0 0 0 0 0 0 0 0 0 0 0 0 0 0 0 0 0 0 0 0 0 0 0 0 0 0
0 0 0 0 0 0 0 0 0 0 0 0 0 0 0 0 0 0 0 0 0 0 0 0 0 0
0 0 0 0 0 0 0 0 0 0 0 0 0 0 0 0 0 0 0 0 0 0 0 0 0 0
0 0 0 0 0 0 0 0 0 0 0 0 0 0 0 0 0 0 0 0 0 0 0 0 0 0
0 0 0 0 0 0 0 0 0 0 0 0 0 0 0 0 0 0 0 0 0 0 0 0 0 0
0 0 0 0 0 0 0 0 0 0 0 0 0 0 0 0 0 0 0 0 0 0 0 0 0 0
0 0 0 0 0 0 0 0 0 0 0 0 0 0 0 0 0 0 0 0 0 0 0 0 0 0
0 0 0 0 0 0 0 0 0 0 0 0 0 0 0 0 0 0 0 0 0 0 0 0 0 0
0 0 0 0 0 0 0 0 0 0 0 0 0 0 0 0 0 0 0 0 0 0 0 0 0 0
0 0 0 0 0 0 0 0 0 0 0 0 0 0 0 0 0 0 0 0 0 0 0 0 0 0
0 0 0 0 0 0 0 0 0 0 0 0 0 0 0 0 0 0 0 0 0 0 0 0 0 0
0 0 0 0 0 0 0 0 0 0 0 0 0 0 0 0 0 0 0 0 0 0 0 0 0 0
0 0 0 0 0 0 0 0 0 0 0 0 0 0 0 0 0 0 0 0 0 0 0 0 0 0
0 0 0 0 0 0 0 0 0 0 0 0 0 0 0 0 0 0 0 0 0 0 0 0 0 0
0 0 0 0 0 0 0 0 0 0 0 0 0 0 0 0 0 0 0 0 0 0 0 0 0 0
26 28
2 1 1 4 21 51 31 53 26 47 80 55 1 2 6 44 61 18 62 3 60 2 58 76 57 74 61 1 1 3 4 44 74 35 76 41 73 1 79 1 1 4 3 41 51 2 51 5 54 1 1 5 3 34 67 42 69 68 69 1 1 6 5 4 68 30 70 43 72 18 65 51 72 1 1 7 5 65 58 9 61 7 60 24 57 4 64 1 1 8 4 39 63 11 67 27 66 4 63 1 1 9 4 47 67 58 68 21 68 51 66 1 1 10 5 60 50 24 44 61 47 39 47 73 49 1 1 11 4 79 76 77 80 65 76 44 80 1 1 12 6 71 46 17 47 1 43 56 48 79 49 59 50 2 1 13 4 30 55 74 58 64 55 60 52 1 14 3 32 54 9 50 50 54 1 1 15 3 74 51 27 51 6 47 1 1 16 6 26 39 18 38 19 41 38 39 28 43 11 40 1 1 17 3 48 54 71 59 75 57 1 1 18 6 39 38 43 38 22 37 33 38 59 37 56 34 1 1 19 6 2 47 66 52 46 48 1 46 64 42 12 45 1 1 20 3 48 74 54 71 32 72 1 1 21 6 2 76 78 76 50 79 79 77 9 79 67 79 1 1 22 3 79 71 2 68 49 70 1 1 23 3 12 36 53 32 74 41 1 1 24 5 48 33 30 34 65 32 62 33 38 37 1 1 25 3 5 33 35 35 67 35 1 1 26 6 56 76 17 73 60 79 68 80 15 78 21 73 1 1 27 4 51 61 29 66 15 61 42 64 1 1 28 6 41 68 56 73 4 69 70 65 63 67 54 69
0 0 0 0 0 0 0 0 0 0 0 0 0 0 0 0 0 0 0 0 0 0 0 0 0 0
0 0 0 0 0 0 0 0 0 0 0 0 0 0 0 0 0 0 0 0 0 0 0 0 0 0
0 0 0 0 0 0 0 0 0 0 0 0 0 0 0 0 0 0 0 0 0 0 0 0 0 0
0 0 0 0 0 0 0 0 0 0 0 0 0 0 0 0 0 0 0 0 0 0 0 0 0 0
0 0 0 0 0 0 0 0 0 0 0 0 0 0 0 0 0 0 0 0 0 0 0 0 0 0
0 0 0 0 0 0 0 0 0 0 0 0 0 0 0 0 0 0 0 0 0 0 0 0 0 0
0 0 0 0 0 0 0 0 0 0 0 0 0 0 0 0 0 0 0 0 0 0 0 0 0 0
0 0 0 0 0 0 0 0 0 0 0 0 0 0 0 0 0 0 0 0 0 0 0 0 0 0
0 0 0 0 0 0 0 0 0 0 0 0 0 0 0 0 0 0 0 0 0 0 0 0 0 0
0 0 0 0 0 0 0 0 0 0 0 0 0 0 0 0 0 0 0 0 0 0 0 0 0 0
0 0 0 0 0 0 0 0 0 0 0 0 0 0 0 0 0 0 0 0 0 0 0 0 0 0
0 0 0 0 0 0 0 0 0 0 0 0 0 0 0 0 0 0 0 0 0 0 0 0 0 0
0 0 0 0 0 0 0 0 0 0 0 0 0 0 0 0 0 0 0 0 0 0 0 0 0 0
0 0 0 0 0 0 0 0 0 0 0 0 0 0 0 0 0 0 0 0 0 0 0 0 0 0
0 0 0 0 0 0 0 0 0 0 0 0 0 0 0 0 0 0 0 0 0 0 0 0 0 0
0 0 0 0 0 0 0 0 0 0 0 0 0 0 0 0 0 0 0 0 0 0 0 0 0 0
0 0 0 0 0 0 0 0 0 0 0 0 0 0 0 0 0 0 0 0 0 0 0 0 0 0
0 0 0 0 0 0 0 0 0 0 0 0 0 0 0 0 0 0 0 0 0 0 0 0 0 0
0 0 0 0 0 0 0 0 0 0 0 0 0 0 0 0 0 0 0 0 0 0 0 0 0 0
0 0 0 0 0 0 0 0 0 0 0 0 0 0 0 0 0 0 0 0 0 0 0 0 0 0
0 0 0 0 0 0 0 0 0 0 0 0 0 0 0 0 0 0 0 0 0 0 0 0 0 0
0 0 0 0 0 0 0 0 0 0 0 0 0 0 0 0 0 0 0 0 0 0 0 0 0 0
0 0 0 0 0 0 0 0 0 0 0 0 0 0 0 0 0 0 0 0 0 0 0 0 0 0
0 0 0 0 0 0 0 0 0 0 0 0 0 0 0 0 0 0 0 0 0 0 0 0 0 0
0 0 0 0 0 0 0 0 0 0 0 0 0 0 0 0 0 0 0 0 0 0 0 0 0 0
0 0 0 0 0 0 0 0 0 0 0 0 0 0 0 0 0 0 0 0 0 0 0 0 0 0
22 25
1 1 1 4 46 77 63 74 6 79 33 78 2 1 2 6 46 52 27 57 39 55 31 54 49 51 42 53 1 3 3 52 67 57 68 13 69 2 1 4 4 6 31 14 30 29 31 42 26 1 5 3 73 57 9 53 65 54 1 1 6 5 51 65 32 65 29 62 25 66 12 65 1 1 7 6 63 65 47 63 42 60 22 69 37 63 15 60 1 1 8 3 80 61 50 64 1 66 1 1 9 6 51 78 29 83 50 82 53 78 52 79 19 81 1 1 10 4 70 54 74 56 22 54 36 51 1 1 11 5 69 76 5 74 78 78 24 73 10 71 1 1 12 5 56 63 16 64 15 60 17 64 60 65 1 1 13 5 71 64 23 64 18 67 29 64 72 69 1 1 14 5 64 49 62 46 38 49 56 45 78 53 1 1 15 4 39 77 31 78 45 78 47 79 1 1 16 5 53 33 20 30 35 27 30 31 6 37 1 1 17 6 24 44 1 46 23 47 21 48 26 49 27 48 1 1 18 3 75 58 15 62 71 57 1 1 19 5 9 32 7 35 2 34 32 29 55 28 1 1 20 6 64 34 23 36 45 31 62 34 50 31 17 28 2 1 21 5 1 57 19 57 41 60 22 60 80 53 1 22 4 79 43 30 44 47 43 78 43 1 1 23 5 71 80 26 78 12 86 73 84 6 84 1 1 24 4 77 70 45 69 64 68 34 68 1 1 25 3 13 43 28 44 32 41
0 0 0 0 0 0 0 0 0 0 0 0 0 0 0 0 0 0 0 0 0 0
0 0 0 0 0 0 0 0 0 0 0 0 0 0 0 0 0 0 0 0 0 0
0 0 0 0 0 0 0 0 0 0 0 0 0 0 0 0 0 0 0 0 0 0
0 0 0 0 0 0 0 0 0 0 0 0 0 0 0 0 0 0 0 0 0 0
0 0 0 0 0 0 0 0 0 0 0 0 0 0 0 0 0 0 0 0 0 0
0 0 0 0 0 0 0 0 0 0 0 0 0 0 0 0 0 0 0 0 0 0
0 0 0 0 0 0 0 0 0 0 0 0 0 0 0 0 0 0 0 0 0 0
0 0 0 0 0 0 0 0 0 0 0 0 0 0 0 0 0 0 0 0 0 0
0 0 0 0 0 0 0 0 0 0 0 0 0 0 0 0 0 0 0 0 0 0
0 0 0 0 0 0 0 0 0 0 0 0 0 0 0 0 0 0 0 0 0 0
0 0 0 0 0 0 0 0 0 0 0 0 0 0 0 0 0 0 0 0 0 0
0 0 0 0 0 0 0 0 0 0 0 0 0 0 0 0 0 0 0 0 0 0
0 0 0 0 0 0 0 0 0 0 0 0 0 0 0 0 0 0 0 0 0 0
0 0 0 0 0 0 0 0 0 0 0 0 0 0 0 0 0 0 0 0 0 0
0 0 0 0 0 0 0 0 0 0 0 0 0 0 0 0 0 0 0 0 0 0
0 0 0 0 0 0 0 0 0 0 0 0 0 0 0 0 0 0 0 0 0 0
0 0 0 0 0 0 0 0 0 0 0 0 0 0 0 0 0 0 0 0 0 0
0 0 0 0 0 0 0 0 0 0 0 0 0 0 0 0 0 0 0 0 0 0
0 0 0 0 0 0 0 0 0 0 0 0 0 0 0 0 0 0 0 0 0 0
0 0 0 0 0 0 0 0 0 0 0 0 0 0 0 0 0 0 0 0 0 0
0 0 0 0 0 0 0 0 0 0 0 0 0 0 0 0 0 0 0 0 0 0
0 0 0 0 0 0 0 0 0 0 0 0 0 0 0 0 0 0 0 0 0 0