20 30
24 27
1 1 1 2 14 48 1 44 1 1 2 3 18 35 17 32 12 36 1 1 3 2 17 77 19 80 1 1 4 5 5 72 19 71 3 71 18 74 13 76 1 1 5 2 14 47 11 45 1 1 6 2 16 60 11 55 1 1 7 4 18 73 7 75 14 68 13 71 1 1 8 5 20 73 19 72 14 76 6 71 1 75 1 1 9 4 17 47 9 48 13 43 2 50 1 1 10 5 5 70 6 69 17 73 15 71 7 72 1 1 11 4 4 79 11 77 19 78 7 78 1 1 12 2 16 44 12 49 1 1 13 4 9 41 16 41 11 42 3 38 1 1 14 2 20 31 6 34 2 1 15 4 18 53 5 57 13 55 10 53 1 16 3 20 38 18 39 5 37 1 1 17 3 19 32 4 29 3 29 2 1 18 5 14 43 16 42 9 44 10 49 5 43 1 19 3 9 34 18 32 5 32 1 1 20 4 8 36 11 31 19 41 5 40 1 1 21 3 12 63 8 59 19 65 2 1 22 5 2 76 17 80 15 75 14 77 12 80 1 23 3 12 65 4 69 7 63 1 1 24 4 17 61 20 56 4 57 16 61 1 1 25 3 9 44 16 42 4 43 1 1 26 2 2 55 4 52 1 1 27 4 12 52 13 55 4 54 5 50
0 0 0 0 0 0 0 0 0 0 0 0 0 0 0 0 0 0 0 0 0 0 0 0
0 0 0 0 0 0 0 0 0 0 0 0 0 0 0 0 0 0 0 0 0 0 0 0
0 0 0 0 0 0 0 0 0 0 0 0 0 0 0 0 0 0 0 0 0 0 0 0
0 0 0 0 0 0 0 0 0 0 0 0 0 0 0 0 0 0 0 0 0 0 0 0
0 0 0 0 0 0 0 0 0 0 0 0 0 0 0 0 0 0 0 0 0 0 0 0
0 0 0 0 0 0 0 0 0 0 0 0 0 0 0 0 0 0 0 0 0 0 0 0
0 0 0 0 0 0 0 0 0 0 0 0 0 0 0 0 0 0 0 0 0 0 0 0
0 0 0 0 0 0 0 0 0 0 0 0 0 0 0 0 0 0 0 0 0 0 0 0
0 0 0 0 0 0 0 0 0 0 0 0 0 0 0 0 0 0 0 0 0 0 0 0
0 0 0 0 0 0 0 0 0 0 0 0 0 0 0 0 0 0 0 0 0 0 0 0
0 0 0 0 0 0 0 0 0 0 0 0 0 0 0 0 0 0 0 0 0 0 0 0
0 0 0 0 0 0 0 0 0 0 0 0 0 0 0 0 0 0 0 0 0 0 0 0
0 0 0 0 0 0 0 0 0 0 0 0 0 0 0 0 0 0 0 0 0 0 0 0
0 0 0 0 0 0 0 0 0 0 0 0 0 0 0 0 0 0 0 0 0 0 0 0
0 0 0 0 0 0 0 0 0 0 0 0 0 0 0 0 0 0 0 0 0 0 0 0
0 0 0 0 0 0 0 0 0 0 0 0 0 0 0 0 0 0 0 0 0 0 0 0
0 0 0 0 0 0 0 0 0 0 0 0 0 0 0 0 0 0 0 0 0 0 0 0
0 0 0 0 0 0 0 0 0 0 0 0 0 0 0 0 0 0 0 0 0 0 0 0
0 0 0 0 0 0 0 0 0 0 0 0 0 0 0 0 0 0 0 0 0 0 0 0
0 0 0 0 0 0 0 0 0 0 0 0 0 0 0 0 0 0 0 0 0 0 0 0
0 0 0 0 0 0 0 0 0 0 0 0 0 0 0 0 0 0 0 0 0 0 0 0
0 0 0 0 0 0 0 0 0 0 0 0 0 0 0 0 0 0 0 0 0 0 0 0
0 0 0 0 0 0 0 0 0 0 0 0 0 0 0 0 0 0 0 0 0 0 0 0
0 0 0 0 0 0 0 0 0 0 0 0 0 0 0 0 0 0 0 0 0 0 0 0
19 22
2 1 1 4 4 57 1 49 5 49 15 49 1 2 2 17 74 2 72 1 1 3 4 11 71 6 73 7 69 13 73 1 1 4 3 11 38 1 42 3 36 2 1 5 3 20 45 10 51 2 50 1 6 4 4 45 11 48 9 48 14 48 2 1 7 3 11 75 14 80 1 73 1 8 3 7 64 2 69 15 60 1 1 9 2 13 36 10 34 1 1 10 2 2 71 12 69 1 1 11 4 20 56 18 54 9 60 11 52 1 1 12 4 15 61 2 60 4 59 5 57 1 1 13 2 19 76 8 80 1 1 14 2 14 71 18 75 1 1 15 3 19 80 17 82 12 77 1 1 16 4 5 50 18 56 9 56 20 52 1 1 17 3 6 80 16 75 4 79 1 1 18 2 14 60 8 62 1 1 19 4 19 58 17 59 5 61 11 60 1 1 20 4 6 80 9 76 10 74 14 75 1 1 21 4 7 45 4 50 12 48 14 54 1 1 22 4 6 57 3 55 1 59 20 55
0 0 0 0 0 0 0 0 0 0 0 0 0 0 0 0 0 0 0
0 0 0 0 0 0 0 0 0 0 0 0 0 0 0 0 0 0 0
0 0 0 0 0 0 0 0 0 0 0 0 0 0 0 0 0 0 0
0 0 0 0 0 0 0 0 0 0 0 0 0 0 0 0 0 0 0
0 0 0 0 0 0 0 0 0 0 0 0 0 0 0 0 0 0 0
0 0 0 0 0 0 0 0 0 0 0 0 0 0 0 0 0 0 0
0 0 0 0 0 0 0 0 0 0 0 0 0 0 0 0 0 0 0
0 0 0 0 0 0 0 0 0 0 0 0 0 0 0 0 0 0 0
0 0 0 0 0 0 0 0 0 0 0 0 0 0 0 0 0 0 0
0 0 0 0 0 0 0 0 0 0 0 0 0 0 0 0 0 0 0
0 0 0 0 0 0 0 0 0 0 0 0 0 0 0 0 0 0 0
0 0 0 0 0 0 0 0 0 0 0 0 0 0 0 0 0 0 0
0 0 0 0 0 0 0 0 0 0 0 0 0 0 0 0 0 0 0
0 0 0 0 0 0 0 0 0 0 0 0 0 0 0 0 0 0 0
0 0 0 0 0 0 0 0 0 0 0 0 0 0 0 0 0 0 0
0 0 0 0 0 0 0 0 0 0 0 0 0 0 0 0 0 0 0
0 0 0 0 0 0 0 0 0 0 0 0 0 0 0 0 0 0 0
0 0 0 0 0 0 0 0 0 0 0 0 0 0 0 0 0 0 0
0 0 0 0 0 0 0 0 0 0 0 0 0 0 0 0 0 0 0
26 29
1 1 1 2 9 61 3 58 1 1 2 3 7 58 1 61 2 56 1 1 3 4 4 70 15 66 8 70 10 69 1 1 4 4 5 66 8 72 2 64 20 68 1 1 5 4 1 54 11 53 13 53 19 57 1 1 6 3 16 56 9 59 20 58 1 1 7 4 6 56 15 50 10 57 3 59 1 1 8 3 4 53 11 53 8 56 1 1 9 5 2 56 5 57 1 56 18 57 8 59 1 1 10 3 15 65 13 67 1 62 1 1 11 3 11 78 6 80 14 81 2 1 12 4 19 33 5 33 10 34 2 31 1 13 2 19 32 15 36 1 1 14 5 13 55 9 58 12 57 14 52 4 49 2 1 15 3 16 69 18 70 9 73 1 16 3 2 57 12 62 7 51 1 1 17 5 15 48 9 43 10 52 18 50 19 51 1 1 18 4 14 66 20 58 1 60 16 62 1 1 19 3 17 58 7 57 19 57 1 1 20 3 3 69 12 68 8 74 1 1 21 4 16 56 5 51 17 56 8 51 1 1 22 3 11 48 13 47 19 51 1 1 23 4 15 44 3 45 4 47 13 49 1 1 24 4 20 58 6 56 5 54 7 57 2 1 25 3 10 55 11 55 5 51 1 26 3 12 35 3 32 13 34 1 1 27 4 7 50 15 51 6 52 13 54 1 1 28 4 13 43 19 41 10 43 1 44 1 1 29 4 14 64 16 67 11 62 20 66
0 0 0 0 0 0 0 0 0 0 0 0 0 0 0 0 0 0 0 0 0 0 0 0 0 0
0 0 0 0 0 0 0 0 0 0 0 0 0 0 0 0 0 0 0 0 0 0 0 0 0 0
0 0 0 0 0 0 0 0 0 0 0 0 0 0 0 0 0 0 0 0 0 0 0 0 0 0
0 0 0 0 0 0 0 0 0 0 0 0 0 0 0 0 0 0 0 0 0 0 0 0 0 0
0 0 0 0 0 0 0 0 0 0 0 0 0 0 0 0 0 0 0 0 0 0 0 0 0 0
0 0 0 0 0 0 0 0 0 0 0 0 0 0 0 0 0 0 0 0 0 0 0 0 0 0
0 0 0 0 0 0 0 0 0 0 0 0 0 0 0 0 0 0 0 0 0 0 0 0 0 0
0 0 0 0 0 0 0 0 0 0 0 0 0 0 0 0 0 0 0 0 0 0 0 0 0 0
0 0 0 0 0 0 0 0 0 0 0 0 0 0 0 0 0 0 0 0 0 0 0 0 0 0
0 0 0 0 0 0 0 0 0 0 0 0 0 0 0 0 0 0 0 0 0 0 0 0 0 0
0 0 0 0 0 0 0 0 0 0 0 0 0 0 0 0 0 0 0 0 0 0 0 0 0 0
0 0 0 0 0 0 0 0 0 0 0 0 0 0 0 0 0 0 0 0 0 0 0 0 0 0
0 0 0 0 0 0 0 0 0 0 0 0 0 0 0 0 0 0 0 0 0 0 0 0 0 0
0 0 0 0 0 0 0 0 0 0 0 0 0 0 0 0 0 0 0 0 0 0 0 0 0 0
0 0 0 0 0 0 0 0 0 0 0 0 0 0 0 0 0 0 0 0 0 0 0 0 0 0
0 0 0 0 0 0 0 0 0 0 0 0 0 0 0 0 0 0 0 0 0 0 0 0 0 0
0 0 0 0 0 0 0 0 0 0 0 0 0 0 0 0 0 0 0 0 0 0 0 0 0 0
0 0 0 0 0 0 0 0 0 0 0 0 0 0 0 0 0 0 0 0 0 0 0 0 0 0
0 0 0 0 0 0 0 0 0 0 0 0 0 0 0 0 0 0 0 0 0 0 0 0 0 0
0 0 0 0 0 0 0 0 0 0 0 0 0 0 0 0 0 0 0 0 0 0 0 0 0 0
0 0 0 0 0 0 0 0 0 0 0 0 0 0 0 0 0 0 0 0 0 0 0 0 0 0
0 0 0 0 0 0 0 0 0 0 0 0 0 0 0 0 0 0 0 0 0 0 0 0 0 0
0 0 0 0 0 0 0 0 0 0 0 0 0 0 0 0 0 0 0 0 0 0 0 0 0 0
0 0 0 0 0 0 0 0 0 0 0 0 0 0 0 0 0 0 0 0 0 0 0 0 0 0
0 0 0 0 0 0 0 0 0 0 0 0 0 0 0 0 0 0 0 0 0 0 0 0 0 0
0 0 0 0 0 0 0 0 0 0 0 0 0 0 0 0 0 0 0 0 0 0 0 0 0 0
20 23
2 1 1 2 12 79 13 76 1 2 3 18 45 8 45 10 51 1 1 3 3 11 36 18 37 19 36 2 1 4 4 7 61 6 59 17 62 8 62 1 5 2 20 47 16 53 1 1 6 5 20 45 10 44 16 45 4 48 14 45 1 1 7 2 4 64 17 64 1 1 8 4 11 68 1 68 6 65 16 63 1 1 9 3 1 72 18 74 3 67 1 1 10 3 10 51 19 47 5 50 1 1 11 5 18 59 16 59 3 62 14 62 6 63 1 1 12 3 10 44 13 45 1 41 1 1 13 4 12 40 5 45 8 39 10 40 1 1 14 4 9 56 5 54 18 59 13 58 1 1 15 5 1 78 16 80 2 74 20 74 4 78 2 1 16 2 3 68 1 62 1 17 4 20 45 19 45 7 48 17 48 1 1 18 2 2 70 19 70 1 1 19 3 3 71 10 75 2 76 1 1 20 4 20 45 3 46 10 46 11 44 1 1 21 4 13 58 16 53 4 55 3 61 1 1 22 5 16 80 9 81 3 74 12 81 18 85 1 1 23 4 19 66 20 67 18 66 13 66
0 0 0 0 0 0 0 0 0 0 0 0 0 0 0 0 0 0 0 0
0 0 0 0 0 0 0 0 0 0 0 0 0 0 0 0 0 0 0 0
0 0 0 0 0 0 0 0 0 0 0 0 0 0 0 0 0 0 0 0
0 0 0 0 0 0 0 0 0 0 0 0 0 0 0 0 0 0 0 0
0 0 0 0 0 0 0 0 0 0 0 0 0 0 0 0 0 0 0 0
0 0 0 0 0 0 0 0 0 0 0 0 0 0 0 0 0 0 0 0
0 0 0 0 0 0 0 0 0 0 0 0 0 0 0 0 0 0 0 0
0 0 0 0 0 0 0 0 0 0 0 0 0 0 0 0 0 0 0 0
0 0 0 0 0 0 0 0 0 0 0 0 0 0 0 0 0 0 0 0
0 0 0 0 0 0 0 0 0 0 0 0 0 0 0 0 0 0 0 0
0 0 0 0 0 0 0 0 0 0 0 0 0 0 0 0 0 0 0 0
0 0 0 0 0 0 0 0 0 0 0 0 0 0 0 0 0 0 0 0
0 0 0 0 0 0 0 0 0 0 0 0 0 0 0 0 0 0 0 0
0 0 0 0 0 0 0 0 0 0 0 0 0 0 0 0 0 0 0 0
0 0 0 0 0 0 0 0 0 0 0 0 0 0 0 0 0 0 0 0
0 0 0 0 0 0 0 0 0 0 0 0 0 0 0 0 0 0 0 0
0 0 0 0 0 0 0 0 0 0 0 0 0 0 0 0 0 0 0 0
0 0 0 0 0 0 0 0 0 0 0 0 0 0 0 0 0 0 0 0
0 0 0 0 0 0 0 0 0 0 0 0 0 0 0 0 0 0 0 0
0 0 0 0 0 0 0 0 0 0 0 0 0 0 0 0 0 0 0 0
21 24
1 1 1 3 12 47 13 44 11 43 1 1 2 4 19 73 4 67 16 79 9 72 1 1 3 4 2 52 14 53 11 51 10 55 1 1 4 3 17 35 3 38 13 35 1 1 5 3 7 41 4 42 17 45 2 1 6 5 12 48 5 51 8 48 3 52 1 52 1 7 4 3 79 17 79 14 76 11 84 1 1 8 2 8 64 6 67 1 1 9 5 5 48 9 43 13 44 12 46 1 54 1 1 10 4 2 55 17 52 10 54 18 55 2 1 11 5 5 48 8 52 20 48 12 49 11 50 1 12 2 9 67 19 70 1 1 13 3 17 72 3 77 15 71 1 1 14 2 17 73 14 69 1 1 15 2 16 47 3 49 1 1 16 2 1 78 17 81 1 1 17 2 11 75 12 74 1 1 18 3 9 76 2 70 5 77 1 1 19 3 11 44 10 44 12 39 1 1 20 4 16 49 8 52 6 49 1 50 1 1 21 2 8 58 7 56 2 1 22 2 13 77 17 80 1 23 3 20 44 9 45 8 46 1 1 24 2 3 63 4 67
0 0 0 0 0 0 0 0 0 0 0 0 0 0 0 0 0 0 0 0 0
0 0 0 0 0 0 0 0 0 0 0 0 0 0 0 0 0 0 0 0 0
0 0 0 0 0 0 0 0 0 0 0 0 0 0 0 0 0 0 0 0 0
0 0 0 0 0 0 0 0 0 0 0 0 0 0 0 0 0 0 0 0 0
0 0 0 0 0 0 0 0 0 0 0 0 0 0 0 0 0 0 0 0 0
0 0 0 0 0 0 0 0 0 0 0 0 0 0 0 0 0 0 0 0 0
0 0 0 0 0 0 0 0 0 0 0 0 0 0 0 0 0 0 0 0 0
0 0 0 0 0 0 0 0 0 0 0 0 0 0 0 0 0 0 0 0 0
0 0 0 0 0 0 0 0 0 0 0 0 0 0 0 0 0 0 0 0 0
0 0 0 0 0 0 0 0 0 0 0 0 0 0 0 0 0 0 0 0 0
0 0 0 0 0 0 0 0 0 0 0 0 0 0 0 0 0 0 0 0 0
0 0 0 0 0 0 0 0 0 0 0 0 0 0 0 0 0 0 0 0 0
0 0 0 0 0 0 0 0 0 0 0 0 0 0 0 0 0 0 0 0 0
0 0 0 0 0 0 0 0 0 0 0 0 0 0 0 0 0 0 0 0 0
0 0 0 0 0 0 0 0 0 0 0 0 0 0 0 0 0 0 0 0 0
0 0 0 0 0 0 0 0 0 0 0 0 0 0 0 0 0 0 0 0 0
0 0 0 0 0 0 0 0 0 0 0 0 0 0 0 0 0 0 0 0 0
0 0 0 0 0 0 0 0 0 0 0 0 0 0 0 0 0 0 0 0 0
0 0 0 0 0 0 0 0 0 0 0 0 0 0 0 0 0 0 0 0 0
0 0 0 0 0 0 0 0 0 0 0 0 0 0 0 0 0 0 0 0 0
0 0 0 0 0 0 0 0 0 0 0 0 0 0 0 0 0 0 0 0 0
25 28
1 1 1 2 12 43 3 45 2 1 2 2 8 32 18 30 1 3 4 1 51 6 51 7 49 16 56 1 1 4 1 11 52 1 1 5 3 11 31 3 35 13 28 1 1 6 2 1 50 7 55 1 1 7 4 16 49 11 45 8 49 18 48 1 1 8 5 17 31 8 28 18 33 12 33 20 28 1 1 9 2 20 34 14 42 1 1 10 2 12 32 19 29 1 1 11 2 13 49 1 48 1 1 12 2 18 47 12 48 1 1 13 2 1 50 18 44 1 1 14 3 18 70 13 72 19 70 1 1 15 2 12 76 19 78 1 1 16 3 6 53 13 57 7 56 2 1 17 2 10 68 4 67 1 18 2 15 39 2 44 1 1 19 3 10 58 6 56 18 56 1 1 20 3 5 67 10 63 6 60 1 1 21 4 7 76 4 76 18 78 15 77 1 1 22 4 11 51 17 50 6 56 19 50 1 1 23 4 9 50 11 47 17 52 7 45 1 1 24 4 14 47 15 49 16 47 18 46 1 1 25 3 19 74 8 79 12 79 2 1 26 2 18 46 7 45 1 27 5 18 34 13 36 8 38 9 33 4 38 1 1 28 3 17 72 16 75 12 73
0 0 0 0 0 0 0 0 0 0 0 0 0 0 0 0 0 0 0 0 0 0 0 0 0
0 0 0 0 0 0 0 0 0 0 0 0 0 0 0 0 0 0 0 0 0 0 0 0 0
0 0 0 0 0 0 0 0 0 0 0 0 0 0 0 0 0 0 0 0 0 0 0 0 0
0 0 0 0 0 0 0 0 0 0 0 0 0 0 0 0 0 0 0 0 0 0 0 0 0
0 0 0 0 0 0 0 0 0 0 0 0 0 0 0 0 0 0 0 0 0 0 0 0 0
0 0 0 0 0 0 0 0 0 0 0 0 0 0 0 0 0 0 0 0 0 0 0 0 0
0 0 0 0 0 0 0 0 0 0 0 0 0 0 0 0 0 0 0 0 0 0 0 0 0
0 0 0 0 0 0 0 0 0 0 0 0 0 0 0 0 0 0 0 0 0 0 0 0 0
0 0 0 0 0 0 0 0 0 0 0 0 0 0 0 0 0 0 0 0 0 0 0 0 0
0 0 0 0 0 0 0 0 0 0 0 0 0 0 0 0 0 0 0 0 0 0 0 0 0
0 0 0 0 0 0 0 0 0 0 0 0 0 0 0 0 0 0 0 0 0 0 0 0 0
0 0 0 0 0 0 0 0 0 0 0 0 0 0 0 0 0 0 0 0 0 0 0 0 0
0 0 0 0 0 0 0 0 0 0 0 0 0 0 0 0 0 0 0 0 0 0 0 0 0
0 0 0 0 0 0 0 0 0 0 0 0 0 0 0 0 0 0 0 0 0 0 0 0 0
0 0 0 0 0 0 0 0 0 0 0 0 0 0 0 0 0 0 0 0 0 0 0 0 0
0 0 0 0 0 0 0 0 0 0 0 0 0 0 0 0 0 0 0 0 0 0 0 0 0
0 0 0 0 0 0 0 0 0 0 0 0 0 0 0 0 0 0 0 0 0 0 0 0 0
0 0 0 0 0 0 0 0 0 0 0 0 0 0 0 0 0 0 0 0 0 0 0 0 0
0 0 0 0 0 0 0 0 0 0 0 0 0 0 0 0 0 0 0 0 0 0 0 0 0
0 0 0 0 0 0 0 0 0 0 0 0 0 0 0 0 0 0 0 0 0 0 0 0 0
0 0 0 0 0 0 0 0 0 0 0 0 0 0 0 0 0 0 0 0 0 0 0 0 0
0 0 0 0 0 0 0 0 0 0 0 0 0 0 0 0 0 0 0 0 0 0 0 0 0
0 0 0 0 0 0 0 0 0 0 0 0 0 0 0 0 0 0 0 0 0 0 0 0 0
0 0 0 0 0 0 0 0 0 0 0 0 0 0 0 0 0 0 0 0 0 0 0 0 0
0 0 0 0 0 0 0 0 0 0 0 0 0 0 0 0 0 0 0 0 0 0 0 0 0
21 24
1 1 1 4 2 73 9 65 11 73 19 67 1 1 2 2 19 37 15 38 1 1 3 3 10 44 19 44 12 46 2 1 4 2 15 39 13 36 1 5 3 19 78 9 85 4 79 1 1 6 5 20 52 9 52 3 54 15 53 12 52 2 1 7 4 2 48 15 43 11 46 1 54 1 8 2 4 47 12 48 1 1 9 2 12 41 15 38 1 1 10 3 17 55 18 56 5 53 1 1 11 4 11 71 13 70 19 74 16 73 1 1 12 2 12 46 15 48 1 1 13 2 15 50 16 50 1 1 14 3 12 55 8 56 2 59 1 1 15 2 9 75 11 71 2 1 16 3 15 39 1 40 10 35 1 17 2 18 44 14 44 1 1 18 3 10 62 19 61 18 62 1 1 19 4 3 65 8 70 12 65 19 68 1 1 20 4 5 42 2 39 14 39 20 45 1 1 21 3 15 47 10 50 9 52 1 1 22 3 18 75 12 73 3 77 1 1 23 4 16 75 6 75 17 79 18 80 1 1 24 2 16 37 12 34
0 0 0 0 0 0 0 0 0 0 0 0 0 0 0 0 0 0 0 0 0
0 0 0 0 0 0 0 0 0 0 0 0 0 0 0 0 0 0 0 0 0
0 0 0 0 0 0 0 0 0 0 0 0 0 0 0 0 0 0 0 0 0
0 0 0 0 0 0 0 0 0 0 0 0 0 0 0 0 0 0 0 0 0
0 0 0 0 0 0 0 0 0 0 0 0 0 0 0 0 0 0 0 0 0
0 0 0 0 0 0 0 0 0 0 0 0 0 0 0 0 0 0 0 0 0
0 0 0 0 0 0 0 0 0 0 0 0 0 0 0 0 0 0 0 0 0
0 0 0 0 0 0 0 0 0 0 0 0 0 0 0 0 0 0 0 0 0
0 0 0 0 0 0 0 0 0 0 0 0 0 0 0 0 0 0 0 0 0
0 0 0 0 0 0 0 0 0 0 0 0 0 0 0 0 0 0 0 0 0
0 0 0 0 0 0 0 0 0 0 0 0 0 0 0 0 0 0 0 0 0
0 0 0 0 0 0 0 0 0 0 0 0 0 0 0 0 0 0 0 0 0
0 0 0 0 0 0 0 0 0 0 0 0 0 0 0 0 0 0 0 0 0
0 0 0 0 0 0 0 0 0 0 0 0 0 0 0 0 0 0 0 0 0
0 0 0 0 0 0 0 0 0 0 0 0 0 0 0 0 0 0 0 0 0
0 0 0 0 0 0 0 0 0 0 0 0 0 0 0 0 0 0 0 0 0
0 0 0 0 0 0 0 0 0 0 0 0 0 0 0 0 0 0 0 0 0
0 0 0 0 0 0 0 0 0 0 0 0 0 0 0 0 0 0 0 0 0
0 0 0 0 0 0 0 0 0 0 0 0 0 0 0 0 0 0 0 0 0
0 0 0 0 0 0 0 0 0 0 0 0 0 0 0 0 0 0 0 0 0
0 0 0 0 0 0 0 0 0 0 0 0 0 0 0 0 0 0 0 0 0
28 30
1 1 1 3 4 54 2 50 10 49 1 1 2 2 15 79 11 75 1 1 3 3 12 54 19 51 11 52 1 1 4 3 11 53 9 57 16 51 1 1 5 4 6 36 15 37 17 31 13 33 1 1 6 3 2 40 14 44 4 43 1 1 7 4 10 37 8 34 11 35 1 39 1 1 8 3 14 52 3 55 6 52 1 1 9 4 18 38 9 35 20 39 16 41 1 1 10 4 4 46 14 43 12 46 15 44 1 1 11 4 4 46 7 40 1 42 2 40 1 1 12 2 15 68 2 64 1 1 13 4 16 46 18 51 5 50 9 46 1 1 14 3 11 37 8 36 7 40 2 1 15 2 18 57 20 56 1 16 4 11 41 20 45 18 44 13 45 1 1 17 5 18 76 15 73 12 74 14 77 11 73 2 1 18 2 12 66 13 69 1 19 4 7 34 20 29 18 39 4 33 1 1 20 4 2 51 16 52 3 56 11 48 1 1 21 2 12 39 10 41 1 1 22 2 2 72 11 76 1 1 23 4 6 59 1 60 5 62 3 63 1 1 24 2 16 75 11 72 1 1 25 3 17 31 2 36 11 29 1 1 26 3 16 36 13 37 12 35 1 1 27 4 4 46 10 47 19 47 15 45 1 1 28 5 16 75 15 74 4 75 10 74 11 75 1 1 29 4 16 67 7 70 11 64 15 64 1 1 30 4 5 56 16 56 3 60 6 61
0 0 0 0 0 0 0 0 0 0 0 0 0 0 0 0 0 0 0 0 0 0 0 0 0 0 0 0
0 0 0 0 0 0 0 0 0 0 0 0 0 0 0 0 0 0 0 0 0 0 0 0 0 0 0 0
0 0 0 0 0 0 0 0 0 0 0 0 0 0 0 0 0 0 0 0 0 0 0 0 0 0 0 0
0 0 0 0 0 0 0 0 0 0 0 0 0 0 0 0 0 0 0 0 0 0 0 0 0 0 0 0
0 0 0 0 0 0 0 0 0 0 0 0 0 0 0 0 0 0 0 0 0 0 0 0 0 0 0 0
0 0 0 0 0 0 0 0 0 0 0 0 0 0 0 0 0 0 0 0 0 0 0 0 0 0 0 0
0 0 0 0 0 0 0 0 0 0 0 0 0 0 0 0 0 0 0 0 0 0 0 0 0 0 0 0
0 0 0 0 0 0 0 0 0 0 0 0 0 0 0 0 0 0 0 0 0 0 0 0 0 0 0 0
0 0 0 0 0 0 0 0 0 0 0 0 0 0 0 0 0 0 0 0 0 0 0 0 0 0 0 0
0 0 0 0 0 0 0 0 0 0 0 0 0 0 0 0 0 0 0 0 0 0 0 0 0 0 0 0
0 0 0 0 0 0 0 0 0 0 0 0 0 0 0 0 0 0 0 0 0 0 0 0 0 0 0 0
0 0 0 0 0 0 0 0 0 0 0 0 0 0 0 0 0 0 0 0 0 0 0 0 0 0 0 0
0 0 0 0 0 0 0 0 0 0 0 0 0 0 0 0 0 0 0 0 0 0 0 0 0 0 0 0
0 0 0 0 0 0 0 0 0 0 0 0 0 0 0 0 0 0 0 0 0 0 0 0 0 0 0 0
0 0 0 0 0 0 0 0 0 0 0 0 0 0 0 0 0 0 0 0 0 0 0 0 0 0 0 0
0 0 0 0 0 0 0 0 0 0 0 0 0 0 0 0 0 0 0 0 0 0 0 0 0 0 0 0
0 0 0 0 0 0 0 0 0 0 0 0 0 0 0 0 0 0 0 0 0 0 0 0 0 0 0 0
0 0 0 0 0 0 0 0 0 0 0 0 0 0 0 0 0 0 0 0 0 0 0 0 0 0 0 0
0 0 0 0 0 0 0 0 0 0 0 0 0 0 0 0 0 0 0 0 0 0 0 0 0 0 0 0
0 0 0 0 0 0 0 0 0 0 0 0 0 0 0 0 0 0 0 0 0 0 0 0 0 0 0 0
0 0 0 0 0 0 0 0 0 0 0 0 0 0 0 0 0 0 0 0 0 0 0 0 0 0 0 0
0 0 0 0 0 0 0 0 0 0 0 0 0 0 0 0 0 0 0 0 0 0 0 0 0 0 0 0
0 0 0 0 0 0 0 0 0 0 0 0 0 0 0 0 0 0 0 0 0 0 0 0 0 0 0 0
0 0 0 0 0 0 0 0 0 0 0 0 0 0 0 0 0 0 0 0 0 0 0 0 0 0 0 0
0 0 0 0 0 0 0 0 0 0 0 0 0 0 0 0 0 0 0 0 0 0 0 0 0 0 0 0
0 0 0 0 0 0 0 0 0 0 0 0 0 0 0 0 0 0 0 0 0 0 0 0 0 0 0 0
0 0 0 0 0 0 0 0 0 0 0 0 0 0 0 0 0 0 0 0 0 0 0 0 0 0 0 0
0 0 0 0 0 0 0 0 0 0 0 0 0 0 0 0 0 0 0 0 0 0 0 0 0 0 0 0
21 24
2 1 1 2 11 70 1 73 1 2 5 13 36 6 36 9 40 18 31 10 35 1 1 3 5 13 71 19 72 18 76 20 77 15 75 1 1 4 1 4 51 1 1 5 3 8 49 11 48 20 50 1 1 6 2 5 48 18 45 1 1 7 2 19 40 5 43 1 1 8 2 5 33 18 35 1 1 9 2 12 52 15 51 1 1 10 4 7 61 13 56 6 57 5 64 1 1 11 3 3 63 7 62 14 68 1 1 12 2 20 34 19 38 2 1 13 4 2 34 10 40 1 35 11 36 1 14 5 10 41 14 44 20 39 15 39 18 41 1 1 15 4 5 51 15 52 7 47 13 48 1 1 16 2 18 34 6 36 1 1 17 4 8 35 6 31 20 31 17 34 2 1 18 5 15 47 4 47 9 51 8 46 7 50 1 19 3 4 38 20 40 7 42 1 1 20 4 2 57 20 58 4 54 10 52 1 1 21 2 10 65 6 68 1 1 22 4 11 67 3 68 9 68 5 72 1 1 23 5 15 41 8 38 16 39 20 38 12 43 1 1 24 3 7 50 19 50 17 55
0 0 0 0 0 0 0 0 0 0 0 0 0 0 0 0 0 0 0 0 0
0 0 0 0 0 0 0 0 0 0 0 0 0 0 0 0 0 0 0 0 0
0 0 0 0 0 0 0 0 0 0 0 0 0 0 0 0 0 0 0 0 0
0 0 0 0 0 0 0 0 0 0 0 0 0 0 0 0 0 0 0 0 0
0 0 0 0 0 0 0 0 0 0 0 0 0 0 0 0 0 0 0 0 0
0 0 0 0 0 0 0 0 0 0 0 0 0 0 0 0 0 0 0 0 0
0 0 0 0 0 0 0 0 0 0 0 0 0 0 0 0 0 0 0 0 0
0 0 0 0 0 0 0 0 0 0 0 0 0 0 0 0 0 0 0 0 0
0 0 0 0 0 0 0 0 0 0 0 0 0 0 0 0 0 0 0 0 0
0 0 0 0 0 0 0 0 0 0 0 0 0 0 0 0 0 0 0 0 0
0 0 0 0 0 0 0 0 0 0 0 0 0 0 0 0 0 0 0 0 0
0 0 0 0 0 0 0 0 0 0 0 0 0 0 0 0 0 0 0 0 0
0 0 0 0 0 0 0 0 0 0 0 0 0 0 0 0 0 0 0 0 0
0 0 0 0 0 0 0 0 0 0 0 0 0 0 0 0 0 0 0 0 0
0 0 0 0 0 0 0 0 0 0 0 0 0 0 0 0 0 0 0 0 0
0 0 0 0 0 0 0 0 0 0 0 0 0 0 0 0 0 0 0 0 0
0 0 0 0 0 0 0 0 0 0 0 0 0 0 0 0 0 0 0 0 0
0 0 0 0 0 0 0 0 0 0 0 0 0 0 0 0 0 0 0 0 0
0 0 0 0 0 0 0 0 0 0 0 0 0 0 0 0 0 0 0 0 0
0 0 0 0 0 0 0 0 0 0 0 0 0 0 0 0 0 0 0 0 0
0 0 0 0 0 0 0 0 0 0 0 0 0 0 0 0 0 0 0 0 0
25 27
1 1 1 4 18 34 10 30 6 35 7 37 1 1 2 3 11 69 7 70 16 65 1 1 3 2 8 45 14 43 1 1 4 5 14 79 2 76 20 75 5 75 15 76 1 1 5 2 15 56 5 59 2 1 6 4 17 34 13 30 20 30 19 38 1 7 1 18 65 1 1 8 3 8 57 3 61 2 57 1 1 9 3 4 60 6 58 3 62 1 1 10 2 11 44 20 39 1 1 11 5 5 36 3 32 9 33 17 34 16 33 1 1 12 2 4 64 12 66 1 1 13 4 7 46 17 48 9 44 1 48 1 1 14 2 17 68 12 65 1 1 15 2 13 62 9 63 1 1 16 3 8 50 10 52 14 48 1 1 17 2 12 77 18 79 1 1 18 2 18 67 14 67 1 1 19 3 16 53 8 53 9 47 2 1 20 4 3 74 5 72 12 70 20 74 1 21 4 4 67 3 62 18 67 16 67 1 1 22 4 3 79 14 81 15 82 13 74 1 1 23 2 13 54 9 51 1 1 24 4 18 42 20 39 3 39 19 45 1 1 25 3 13 33 10 35 1 31 1 1 26 4 1 40 15 43 14 37 20 43 1 1 27 3 5 45 7 51 16 49
0 0 0 0 0 0 0 0 0 0 0 0 0 0 0 0 0 0 0 0 0 0 0 0 0
0 0 0 0 0 0 0 0 0 0 0 0 0 0 0 0 0 0 0 0 0 0 0 0 0
0 0 0 0 0 0 0 0 0 0 0 0 0 0 0 0 0 0 0 0 0 0 0 0 0
0 0 0 0 0 0 0 0 0 0 0 0 0 0 0 0 0 0 0 0 0 0 0 0 0
0 0 0 0 0 0 0 0 0 0 0 0 0 0 0 0 0 0 0 0 0 0 0 0 0
0 0 0 0 0 0 0 0 0 0 0 0 0 0 0 0 0 0 0 0 0 0 0 0 0
0 0 0 0 0 0 0 0 0 0 0 0 0 0 0 0 0 0 0 0 0 0 0 0 0
0 0 0 0 0 0 0 0 0 0 0 0 0 0 0 0 0 0 0 0 0 0 0 0 0
0 0 0 0 0 0 0 0 0 0 0 0 0 0 0 0 0 0 0 0 0 0 0 0 0
0 0 0 0 0 0 0 0 0 0 0 0 0 0 0 0 0 0 0 0 0 0 0 0 0
0 0 0 0 0 0 0 0 0 0 0 0 0 0 0 0 0 0 0 0 0 0 0 0 0
0 0 0 0 0 0 0 0 0 0 0 0 0 0 0 0 0 0 0 0 0 0 0 0 0
0 0 0 0 0 0 0 0 0 0 0 0 0 0 0 0 0 0 0 0 0 0 0 0 0
0 0 0 0 0 0 0 0 0 0 0 0 0 0 0 0 0 0 0 0 0 0 0 0 0
0 0 0 0 0 0 0 0 0 0 0 0 0 0 0 0 0 0 0 0 0 0 0 0 0
0 0 0 0 0 0 0 0 0 0 0 0 0 0 0 0 0 0 0 0 0 0 0 0 0
0 0 0 0 0 0 0 0 0 0 0 0 0 0 0 0 0 0 0 0 0 0 0 0 0
0 0 0 0 0 0 0 0 0 0 0 0 0 0 0 0 0 0 0 0 0 0 0 0 0
0 0 0 0 0 0 0 0 0 0 0 0 0 0 0 0 0 0 0 0 0 0 0 0 0
0 0 0 0 0 0 0 0 0 0 0 0 0 0 0 0 0 0 0 0 0 0 0 0 0
0 0 0 0 0 0 0 0 0 0 0 0 0 0 0 0 0 0 0 0 0 0 0 0 0
0 0 0 0 0 0 0 0 0 0 0 0 0 0 0 0 0 0 0 0 0 0 0 0 0
0 0 0 0 0 0 0 0 0 0 0 0 0 0 0 0 0 0 0 0 0 0 0 0 0
0 0 0 0 0 0 0 0 0 0 0 0 0 0 0 0 0 0 0 0 0 0 0 0 0
0 0 0 0 0 0 0 0 0 0 0 0 0 0 0 0 0 0 0 0 0 0 0 0 0
25 27
1 1 1 5 18 52 3 51 14 54 5 54 15 49 1 1 2 4 11 34 20 32 8 39 2 30 1 1 3 3 12 40 13 41 1 37 2 1 4 5 11 37 7 36 1 41 2 37 15 34 1 5 2 8 53 11 57 1 1 6 5 13 48 2 46 20 50 5 43 10 49 1 1 7 4 20 47 15 50 19 48 13 47 1 1 8 4 4 42 16 47 17 41 1 39 1 1 9 3 1 57 5 58 13 53 1 1 10 3 14 42 5 48 6 44 1 1 11 3 3 35 5 32 19 31 1 1 12 2 19 42 17 47 1 1 13 5 6 31 7 32 1 27 12 25 11 33 1 1 14 4 14 75 2 74 9 75 15 80 1 1 15 3 19 74 2 76 9 73 1 1 16 3 6 72 19 76 15 75 1 1 17 4 1 56 14 55 3 51 12 55 1 1 18 2 17 39 9 38 1 1 19 2 13 41 6 44 2 1 20 5 6 61 14 57 12 61 15 65 2 60 1 21 2 17 78 19 78 1 1 22 2 19 55 3 47 1 1 23 3 19 54 8 58 14 55 1 1 24 3 5 70 16 68 12 65 1 1 25 4 1 71 19 75 5 69 6 67 1 1 26 2 3 67 16 66 1 1 27 2 3 38 6 38
0 0 0 0 0 0 0 0 0 0 0 0 0 0 0 0 0 0 0 0 0 0 0 0 0
0 0 0 0 0 0 0 0 0 0 0 0 0 0 0 0 0 0 0 0 0 0 0 0 0
0 0 0 0 0 0 0 0 0 0 0 0 0 0 0 0 0 0 0 0 0 0 0 0 0
0 0 0 0 0 0 0 0 0 0 0 0 0 0 0 0 0 0 0 0 0 0 0 0 0
0 0 0 0 0 0 0 0 0 0 0 0 0 0 0 0 0 0 0 0 0 0 0 0 0
0 0 0 0 0 0 0 0 0 0 0 0 0 0 0 0 0 0 0 0 0 0 0 0 0
0 0 0 0 0 0 0 0 0 0 0 0 0 0 0 0 0 0 0 0 0 0 0 0 0
0 0 0 0 0 0 0 0 0 0 0 0 0 0 0 0 0 0 0 0 0 0 0 0 0
0 0 0 0 0 0 0 0 0 0 0 0 0 0 0 0 0 0 0 0 0 0 0 0 0
0 0 0 0 0 0 0 0 0 0 0 0 0 0 0 0 0 0 0 0 0 0 0 0 0
0 0 0 0 0 0 0 0 0 0 0 0 0 0 0 0 0 0 0 0 0 0 0 0 0
0 0 0 0 0 0 0 0 0 0 0 0 0 0 0 0 0 0 0 0 0 0 0 0 0
0 0 0 0 0 0 0 0 0 0 0 0 0 0 0 0 0 0 0 0 0 0 0 0 0
0 0 0 0 0 0 0 0 0 0 0 0 0 0 0 0 0 0 0 0 0 0 0 0 0
0 0 0 0 0 0 0 0 0 0 0 0 0 0 0 0 0 0 0 0 0 0 0 0 0
0 0 0 0 0 0 0 0 0 0 0 0 0 0 0 0 0 0 0 0 0 0 0 0 0
0 0 0 0 0 0 0 0 0 0 0 0 0 0 0 0 0 0 0 0 0 0 0 0 0
0 0 0 0 0 0 0 0 0 0 0 0 0 0 0 0 0 0 0 0 0 0 0 0 0
0 0 0 0 0 0 0 0 0 0 0 0 0 0 0 0 0 0 0 0 0 0 0 0 0
0 0 0 0 0 0 0 0 0 0 0 0 0 0 0 0 0 0 0 0 0 0 0 0 0
0 0 0 0 0 0 0 0 0 0 0 0 0 0 0 0 0 0 0 0 0 0 0 0 0
0 0 0 0 0 0 0 0 0 0 0 0 0 0 0 0 0 0 0 0 0 0 0 0 0
0 0 0 0 0 0 0 0 0 0 0 0 0 0 0 0 0 0 0 0 0 0 0 0 0
0 0 0 0 0 0 0 0 0 0 0 0 0 0 0 0 0 0 0 0 0 0 0 0 0
0 0 0 0 0 0 0 0 0 0 0 0 0 0 0 0 0 0 0 0 0 0 0 0 0
18 20
2 1 1 5 15 61 12 57 1 63 16 63 20 66 1 2 4 14 48 5 44 4 43 15 51 1 1 3 4 16 52 12 55 9 54 17 51 1 1 4 2 11 66 6 71 1 1 5 4 3 48 19 45 8 47 7 45 1 1 6 3 11 31 15 32 19 35 1 1 7 3 4 36 9 32 5 35 1 1 8 3 2 68 1 68 9 66 1 1 9 4 5 60 8 58 15 56 18 66 1 1 10 2 6 60 9 65 1 1 11 4 8 78 1 81 15 77 19 81 1 1 12 3 12 68 19 71 6 69 1 1 13 5 17 48 5 52 3 47 2 50 12 48 1 1 14 4 16 80 8 81 15 75 6 76 1 1 15 4 7 68 19 64 9 71 16 68 1 1 16 4 1 37 16 39 6 33 12 39 1 1 17 1 9 72 2 1 18 3 14 69 20 68 15 65 1 19 4 10 80 16 76 19 80 2 79 1 1 20 5 12 46 15 43 18 45 11 42 6 43
0 0 0 0 0 0 0 0 0 0 0 0 0 0 0 0 0 0
0 0 0 0 0 0 0 0 0 0 0 0 0 0 0 0 0 0
0 0 0 0 0 0 0 0 0 0 0 0 0 0 0 0 0 0
0 0 0 0 0 0 0 0 0 0 0 0 0 0 0 0 0 0
0 0 0 0 0 0 0 0 0 0 0 0 0 0 0 0 0 0
0 0 0 0 0 0 0 0 0 0 0 0 0 0 0 0 0 0
0 0 0 0 0 0 0 0 0 0 0 0 0 0 0 0 0 0
0 0 0 0 0 0 0 0 0 0 0 0 0 0 0 0 0 0
0 0 0 0 0 0 0 0 0 0 0 0 0 0 0 0 0 0
0 0 0 0 0 0 0 0 0 0 0 0 0 0 0 0 0 0
0 0 0 0 0 0 0 0 0 0 0 0 0 0 0 0 0 0
0 0 0 0 0 0 0 0 0 0 0 0 0 0 0 0 0 0
0 0 0 0 0 0 0 0 0 0 0 0 0 0 0 0 0 0
0 0 0 0 0 0 0 0 0 0 0 0 0 0 0 0 0 0
0 0 0 0 0 0 0 0 0 0 0 0 0 0 0 0 0 0
0 0 0 0 0 0 0 0 0 0 0 0 0 0 0 0 0 0
0 0 0 0 0 0 0 0 0 0 0 0 0 0 0 0 0 0
0 0 0 0 0 0 0 0 0 0 0 0 0 0 0 0 0 0
24 26
1 1 1 4 13 56 2 52 4 53 5 59 1 1 2 3 19 50 13 48 8 54 1 1 3 4 3 39 11 34 7 37 20 37 1 1 4 3 12 55 10 56 3 55 1 1 5 3 9 32 14 30 11 26 2 1 6 3 4 54 14 51 19 59 1 7 2 14 38 9 34 1 1 8 1 16 57 1 1 9 4 9 77 3 75 16 77 11 73 1 1 10 3 14 39 6 40 1 43 1 1 11 2 4 66 1 67 1 1 12 4 8 64 15 66 7 62 6 64 1 1 13 2 12 74 4 70 1 1 14 2 15 60 1 63 1 1 15 2 20 44 19 40 1 1 16 4 11 55 16 52 19 56 2 55 1 1 17 2 18 32 20 33 1 1 18 5 2 52 7 56 13 55 14 57 5 52 1 1 19 2 1 58 3 53 2 1 20 3 20 67 17 71 4 67 1 21 3 4 39 14 44 17 43 1 1 22 3 16 41 15 44 8 42 1 1 23 5 10 70 5 73 20 71 11 71 6 74 1 1 24 5 20 73 1 74 3 71 9 75 6 75 1 1 25 3 4 36 16 36 9 40 1 1 26 2 3 51 5 54
0 0 0 0 0 0 0 0 0 0 0 0 0 0 0 0 0 0 0 0 0 0 0 0
0 0 0 0 0 0 0 0 0 0 0 0 0 0 0 0 0 0 0 0 0 0 0 0
0 0 0 0 0 0 0 0 0 0 0 0 0 0 0 0 0 0 0 0 0 0 0 0
0 0 0 0 0 0 0 0 0 0 0 0 0 0 0 0 0 0 0 0 0 0 0 0
0 0 0 0 0 0 0 0 0 0 0 0 0 0 0 0 0 0 0 0 0 0 0 0
0 0 0 0 0 0 0 0 0 0 0 0 0 0 0 0 0 0 0 0 0 0 0 0
0 0 0 0 0 0 0 0 0 0 0 0 0 0 0 0 0 0 0 0 0 0 0 0
0 0 0 0 0 0 0 0 0 0 0 0 0 0 0 0 0 0 0 0 0 0 0 0
0 0 0 0 0 0 0 0 0 0 0 0 0 0 0 0 0 0 0 0 0 0 0 0
0 0 0 0 0 0 0 0 0 0 0 0 0 0 0 0 0 0 0 0 0 0 0 0
0 0 0 0 0 0 0 0 0 0 0 0 0 0 0 0 0 0 0 0 0 0 0 0
0 0 0 0 0 0 0 0 0 0 0 0 0 0 0 0 0 0 0 0 0 0 0 0
0 0 0 0 0 0 0 0 0 0 0 0 0 0 0 0 0 0 0 0 0 0 0 0
0 0 0 0 0 0 0 0 0 0 0 0 0 0 0 0 0 0 0 0 0 0 0 0
0 0 0 0 0 0 0 0 0 0 0 0 0 0 0 0 0 0 0 0 0 0 0 0
0 0 0 0 0 0 0 0 0 0 0 0 0 0 0 0 0 0 0 0 0 0 0 0
0 0 0 0 0 0 0 0 0 0 0 0 0 0 0 0 0 0 0 0 0 0 0 0
0 0 0 0 0 0 0 0 0 0 0 0 0 0 0 0 0 0 0 0 0 0 0 0
0 0 0 0 0 0 0 0 0 0 0 0 0 0 0 0 0 0 0 0 0 0 0 0
0 0 0 0 0 0 0 0 0 0 0 0 0 0 0 0 0 0 0 0 0 0 0 0
0 0 0 0 0 0 0 0 0 0 0 0 0 0 0 0 0 0 0 0 0 0 0 0
0 0 0 0 0 0 0 0 0 0 0 0 0 0 0 0 0 0 0 0 0 0 0 0
0 0 0 0 0 0 0 0 0 0 0 0 0 0 0 0 0 0 0 0 0 0 0 0
0 0 0 0 0 0 0 0 0 0 0 0 0 0 0 0 0 0 0 0 0 0 0 0
22 25
1 1 1 4 9 42 7 46 19 40 15 41 1 1 2 3 12 65 9 68 8 65 1 1 3 3 15 62 2 59 11 63 1 1 4 4 18 62 20 70 15 67 8 67 1 1 5 2 13 39 12 43 1 1 6 3 6 79 4 80 18 76 1 1 7 2 8 34 13 35 1 1 8 2 10 46 8 42 2 1 9 3 6 52 13 49 17 53 1 10 2 11 59 14 63 1 1 11 4 3 48 10 46 19 48 8 50 1 1 12 1 2 48 1 1 13 3 19 47 9 51 20 45 1 1 14 3 3 61 7 61 18 60 1 1 15 3 5 55 18 49 15 54 2 1 16 3 14 44 15 41 12 37 1 17 3 16 59 15 56 3 55 1 1 18 2 11 31 10 35 1 1 19 4 13 45 16 43 17 45 6 46 1 1 20 2 20 41 6 43 1 1 21 4 7 31 8 34 12 27 18 33 1 1 22 5 3 59 8 62 10 54 13 57 15 61 1 1 23 4 17 80 15 77 10 77 9 83 2 1 24 3 20 64 2 60 15 64 1 25 3 1 41 10 43 8 39
0 0 0 0 0 0 0 0 0 0 0 0 0 0 0 0 0 0 0 0 0 0
0 0 0 0 0 0 0 0 0 0 0 0 0 0 0 0 0 0 0 0 0 0
0 0 0 0 0 0 0 0 0 0 0 0 0 0 0 0 0 0 0 0 0 0
0 0 0 0 0 0 0 0 0 0 0 0 0 0 0 0 0 0 0 0 0 0
0 0 0 0 0 0 0 0 0 0 0 0 0 0 0 0 0 0 0 0 0 0
0 0 0 0 0 0 0 0 0 0 0 0 0 0 0 0 0 0 0 0 0 0
0 0 0 0 0 0 0 0 0 0 0 0 0 0 0 0 0 0 0 0 0 0
0 0 0 0 0 0 0 0 0 0 0 0 0 0 0 0 0 0 0 0 0 0
0 0 0 0 0 0 0 0 0 0 0 0 0 0 0 0 0 0 0 0 0 0
0 0 0 0 0 0 0 0 0 0 0 0 0 0 0 0 0 0 0 0 0 0
0 0 0 0 0 0 0 0 0 0 0 0 0 0 0 0 0 0 0 0 0 0
0 0 0 0 0 0 0 0 0 0 0 0 0 0 0 0 0 0 0 0 0 0
0 0 0 0 0 0 0 0 0 0 0 0 0 0 0 0 0 0 0 0 0 0
0 0 0 0 0 0 0 0 0 0 0 0 0 0 0 0 0 0 0 0 0 0
0 0 0 0 0 0 0 0 0 0 0 0 0 0 0 0 0 0 0 0 0 0
0 0 0 0 0 0 0 0 0 0 0 0 0 0 0 0 0 0 0 0 0 0
0 0 0 0 0 0 0 0 0 0 0 0 0 0 0 0 0 0 0 0 0 0
0 0 0 0 0 0 0 0 0 0 0 0 0 0 0 0 0 0 0 0 0 0
0 0 0 0 0 0 0 0 0 0 0 0 0 0 0 0 0 0 0 0 0 0
0 0 0 0 0 0 0 0 0 0 0 0 0 0 0 0 0 0 0 0 0 0
0 0 0 0 0 0 0 0 0 0 0 0 0 0 0 0 0 0 0 0 0 0
0 0 0 0 0 0 0 0 0 0 0 0 0 0 0 0 0 0 0 0 0 0
20 22
1 1 1 3 9 39 3 44 15 38 1 1 2 3 10 58 13 60 20 55 1 1 3 4 1 72 7 69 18 72 13 72 1 1 4 3 16 49 2 56 11 56 1 1 5 5 5 79 13 74 19 80 12 82 15 81 1 1 6 4 2 64 7 69 18 67 15 68 1 1 7 2 12 47 1 49 1 1 8 2 19 42 9 42 1 1 9 4 16 43 18 49 3 45 20 48 1 1 10 4 2 54 20 59 19 49 15 57 2 1 11 3 7 77 19 81 14 79 1 12 2 10 60 14 64 2 1 13 3 2 32 11 36 5 28 1 14 4 7 74 20 69 10 70 8 73 1 1 15 3 18 74 5 69 16 75 1 1 16 3 3 45 7 40 2 40 1 1 17 3 16 48 11 48 6 46 1 1 18 2 13 80 10 83 1 1 19 4 6 79 15 83 2 74 3 81 1 1 20 5 1 49 8 51 10 50 20 45 4 47 1 1 21 5 13 48 14 49 20 51 1 49 19 52 1 1 22 5 4 72 2 74 5 76 12 69 10 69
0 0 0 0 0 0 0 0 0 0 0 0 0 0 0 0 0 0 0 0
0 0 0 0 0 0 0 0 0 0 0 0 0 0 0 0 0 0 0 0
0 0 0 0 0 0 0 0 0 0 0 0 0 0 0 0 0 0 0 0
0 0 0 0 0 0 0 0 0 0 0 0 0 0 0 0 0 0 0 0
0 0 0 0 0 0 0 0 0 0 0 0 0 0 0 0 0 0 0 0
0 0 0 0 0 0 0 0 0 0 0 0 0 0 0 0 0 0 0 0
0 0 0 0 0 0 0 0 0 0 0 0 0 0 0 0 0 0 0 0
0 0 0 0 0 0 0 0 0 0 0 0 0 0 0 0 0 0 0 0
0 0 0 0 0 0 0 0 0 0 0 0 0 0 0 0 0 0 0 0
0 0 0 0 0 0 0 0 0 0 0 0 0 0 0 0 0 0 0 0
0 0 0 0 0 0 0 0 0 0 0 0 0 0 0 0 0 0 0 0
0 0 0 0 0 0 0 0 0 0 0 0 0 0 0 0 0 0 0 0
0 0 0 0 0 0 0 0 0 0 0 0 0 0 0 0 0 0 0 0
0 0 0 0 0 0 0 0 0 0 0 0 0 0 0 0 0 0 0 0
0 0 0 0 0 0 0 0 0 0 0 0 0 0 0 0 0 0 0 0
0 0 0 0 0 0 0 0 0 0 0 0 0 0 0 0 0 0 0 0
0 0 0 0 0 0 0 0 0 0 0 0 0 0 0 0 0 0 0 0
0 0 0 0 0 0 0 0 0 0 0 0 0 0 0 0 0 0 0 0
0 0 0 0 0 0 0 0 0 0 0 0 0 0 0 0 0 0 0 0
0 0 0 0 0 0 0 0 0 0 0 0 0 0 0 0 0 0 0 0
22 25
2 1 1 3 16 70 3 68 18 72 1 2 4 20 51 5 51 6 47 11 55 1 1 3 3 2 50 10 47 11 53 2 1 4 3 1 68 3 63 17 63 1 5 5 3 75 18 72 10 70 16 73 4 73 1 1 6 5 3 38 20 36 11 43 7 36 19 34 1 1 7 2 14 73 9 68 2 1 8 3 1 32 4 33 7 28 1 9 5 17 41 19 38 15 39 1 35 4 47 1 1 10 5 8 49 2 45 1 48 20 53 17 51 1 1 11 3 17 43 19 46 20 48 1 1 12 3 20 78 19 78 5 76 1 1 13 2 7 48 10 52 1 1 14 4 16 46 3 42 13 42 10 42 1 1 15 4 6 38 8 42 5 38 9 35 1 1 16 3 16 66 8 71 10 67 1 1 17 3 5 55 3 53 16 50 1 1 18 3 4 63 6 66 10 62 1 1 19 3 13 64 8 66 9 64 1 1 20 5 7 31 9 33 17 26 10 36 18 34 1 1 21 5 11 74 4 71 14 72 6 71 5 78 1 1 22 2 17 46 7 46 1 1 23 2 5 62 16 61 1 1 24 3 7 63 1 60 9 64 1 1 25 4 7 46 19 48 11 42 4 49
0 0 0 0 0 0 0 0 0 0 0 0 0 0 0 0 0 0 0 0 0 0
0 0 0 0 0 0 0 0 0 0 0 0 0 0 0 0 0 0 0 0 0 0
0 0 0 0 0 0 0 0 0 0 0 0 0 0 0 0 0 0 0 0 0 0
0 0 0 0 0 0 0 0 0 0 0 0 0 0 0 0 0 0 0 0 0 0
0 0 0 0 0 0 0 0 0 0 0 0 0 0 0 0 0 0 0 0 0 0
0 0 0 0 0 0 0 0 0 0 0 0 0 0 0 0 0 0 0 0 0 0
0 0 0 0 0 0 0 0 0 0 0 0 0 0 0 0 0 0 0 0 0 0
0 0 0 0 0 0 0 0 0 0 0 0 0 0 0 0 0 0 0 0 0 0
0 0 0 0 0 0 0 0 0 0 0 0 0 0 0 0 0 0 0 0 0 0
0 0 0 0 0 0 0 0 0 0 0 0 0 0 0 0 0 0 0 0 0 0
0 0 0 0 0 0 0 0 0 0 0 0 0 0 0 0 0 0 0 0 0 0
0 0 0 0 0 0 0 0 0 0 0 0 0 0 0 0 0 0 0 0 0 0
0 0 0 0 0 0 0 0 0 0 0 0 0 0 0 0 0 0 0 0 0 0
0 0 0 0 0 0 0 0 0 0 0 0 0 0 0 0 0 0 0 0 0 0
0 0 0 0 0 0 0 0 0 0 0 0 0 0 0 0 0 0 0 0 0 0
0 0 0 0 0 0 0 0 0 0 0 0 0 0 0 0 0 0 0 0 0 0
0 0 0 0 0 0 0 0 0 0 0 0 0 0 0 0 0 0 0 0 0 0
0 0 0 0 0 0 0 0 0 0 0 0 0 0 0 0 0 0 0 0 0 0
0 0 0 0 0 0 0 0 0 0 0 0 0 0 0 0 0 0 0 0 0 0
0 0 0 0 0 0 0 0 0 0 0 0 0 0 0 0 0 0 0 0 0 0
0 0 0 0 0 0 0 0 0 0 0 0 0 0 0 0 0 0 0 0 0 0
0 0 0 0 0 0 0 0 0 0 0 0 0 0 0 0 0 0 0 0 0 0
21 23
1 1 1 4 5 73 14 72 4 76 12 69 1 1 2 5 3 46 5 46 9 46 19 43 13 52 1 1 3 3 17 47 14 49 10 46 1 1 4 3 12 36 5 34 2 37 1 1 5 2 16 62 20 66 1 1 6 4 10 61 8 58 18 58 19 60 1 1 7 3 5 73 2 72 13 71 1 1 8 3 15 73 6 68 17 75 1 1 9 3 6 80 10 76 7 83 2 1 10 3 10 31 12 27 4 30 1 11 3 14 49 11 48 3 55 1 1 12 4 17 64 4 67 13 62 8 66 2 1 13 2 3 56 6 50 1 14 3 16 37 20 42 6 32 1 1 15 2 16 68 19 62 1 1 16 2 14 31 18 28 1 1 17 3 19 68 10 65 5 64 1 1 18 4 11 55 1 56 17 50 14 52 1 1 19 5 14 40 15 36 4 43 17 44 16 41 1 1 20 4 16 73 15 65 7 72 2 74 1 1 21 3 4 73 12 68 16 71 1 1 22 4 13 61 16 67 11 58 12 57 1 1 23 2 9 37 11 42
0 0 0 0 0 0 0 0 0 0 0 0 0 0 0 0 0 0 0 0 0
0 0 0 0 0 0 0 0 0 0 0 0 0 0 0 0 0 0 0 0 0
0 0 0 0 0 0 0 0 0 0 0 0 0 0 0 0 0 0 0 0 0
0 0 0 0 0 0 0 0 0 0 0 0 0 0 0 0 0 0 0 0 0
0 0 0 0 0 0 0 0 0 0 0 0 0 0 0 0 0 0 0 0 0
0 0 0 0 0 0 0 0 0 0 0 0 0 0 0 0 0 0 0 0 0
0 0 0 0 0 0 0 0 0 0 0 0 0 0 0 0 0 0 0 0 0
0 0 0 0 0 0 0 0 0 0 0 0 0 0 0 0 0 0 0 0 0
0 0 0 0 0 0 0 0 0 0 0 0 0 0 0 0 0 0 0 0 0
0 0 0 0 0 0 0 0 0 0 0 0 0 0 0 0 0 0 0 0 0
0 0 0 0 0 0 0 0 0 0 0 0 0 0 0 0 0 0 0 0 0
0 0 0 0 0 0 0 0 0 0 0 0 0 0 0 0 0 0 0 0 0
0 0 0 0 0 0 0 0 0 0 0 0 0 0 0 0 0 0 0 0 0
0 0 0 0 0 0 0 0 0 0 0 0 0 0 0 0 0 0 0 0 0
0 0 0 0 0 0 0 0 0 0 0 0 0 0 0 0 0 0 0 0 0
0 0 0 0 0 0 0 0 0 0 0 0 0 0 0 0 0 0 0 0 0
0 0 0 0 0 0 0 0 0 0 0 0 0 0 0 0 0 0 0 0 0
0 0 0 0 0 0 0 0 0 0 0 0 0 0 0 0 0 0 0 0 0
0 0 0 0 0 0 0 0 0 0 0 0 0 0 0 0 0 0 0 0 0
0 0 0 0 0 0 0 0 0 0 0 0 0 0 0 0 0 0 0 0 0
0 0 0 0 0 0 0 0 0 0 0 0 0 0 0 0 0 0 0 0 0
27 30
1 1 1 5 8 46 2 44 16 50 5 40 3 46 1 1 2 2 7 72 14 73 2 1 3 4 13 59 12 57 4 54 19 56 1 4 3 6 70 14 75 11 67 1 1 5 3 15 51 13 50 18 47 1 1 6 2 6 35 4 34 1 1 7 3 6 60 11 62 15 62 1 1 8 5 6 33 8 33 1 33 4 28 16 33 1 1 9 4 8 62 17 60 19 66 9 68 1 1 10 2 4 69 16 70 1 1 11 4 8 55 5 58 11 51 4 54 1 1 12 2 17 53 2 52 1 1 13 4 16 35 6 34 8 37 17 33 1 1 14 4 11 51 10 46 1 48 18 55 1 1 15 5 16 45 9 43 1 47 15 42 13 42 1 1 16 4 8 78 14 77 2 83 10 76 1 1 17 3 15 38 4 40 3 39 2 1 18 3 5 77 10 79 1 72 1 19 4 4 68 20 72 18 68 17 66 2 1 20 5 7 65 10 62 14 62 2 67 11 65 1 21 3 3 42 7 41 16 46 1 1 22 3 17 80 9 81 8 78 1 1 23 4 20 58 4 64 6 62 11 53 1 1 24 3 17 60 7 61 11 54 1 1 25 4 14 32 18 32 4 28 8 32 1 1 26 2 11 46 6 51 1 1 27 3 3 72 19 75 18 74 1 1 28 2 14 65 19 64 1 1 29 4 5 55 15 57 17 51 3 55 1 1 30 3 15 42 8 41 7 41
0 0 0 0 0 0 0 0 0 0 0 0 0 0 0 0 0 0 0 0 0 0 0 0 0 0 0
0 0 0 0 0 0 0 0 0 0 0 0 0 0 0 0 0 0 0 0 0 0 0 0 0 0 0
0 0 0 0 0 0 0 0 0 0 0 0 0 0 0 0 0 0 0 0 0 0 0 0 0 0 0
0 0 0 0 0 0 0 0 0 0 0 0 0 0 0 0 0 0 0 0 0 0 0 0 0 0 0
0 0 0 0 0 0 0 0 0 0 0 0 0 0 0 0 0 0 0 0 0 0 0 0 0 0 0
0 0 0 0 0 0 0 0 0 0 0 0 0 0 0 0 0 0 0 0 0 0 0 0 0 0 0
0 0 0 0 0 0 0 0 0 0 0 0 0 0 0 0 0 0 0 0 0 0 0 0 0 0 0
0 0 0 0 0 0 0 0 0 0 0 0 0 0 0 0 0 0 0 0 0 0 0 0 0 0 0
0 0 0 0 0 0 0 0 0 0 0 0 0 0 0 0 0 0 0 0 0 0 0 0 0 0 0
0 0 0 0 0 0 0 0 0 0 0 0 0 0 0 0 0 0 0 0 0 0 0 0 0 0 0
0 0 0 0 0 0 0 0 0 0 0 0 0 0 0 0 0 0 0 0 0 0 0 0 0 0 0
0 0 0 0 0 0 0 0 0 0 0 0 0 0 0 0 0 0 0 0 0 0 0 0 0 0 0
0 0 0 0 0 0 0 0 0 0 0 0 0 0 0 0 0 0 0 0 0 0 0 0 0 0 0
0 0 0 0 0 0 0 0 0 0 0 0 0 0 0 0 0 0 0 0 0 0 0 0 0 0 0
0 0 0 0 0 0 0 0 0 0 0 0 0 0 0 0 0 0 0 0 0 0 0 0 0 0 0
0 0 0 0 0 0 0 0 0 0 0 0 0 0 0 0 0 0 0 0 0 0 0 0 0 0 0
0 0 0 0 0 0 0 0 0 0 0 0 0 0 0 0 0 0 0 0 0 0 0 0 0 0 0
0 0 0 0 0 0 0 0 0 0 0 0 0 0 0 0 0 0 0 0 0 0 0 0 0 0 0
0 0 0 0 0 0 0 0 0 0 0 0 0 0 0 0 0 0 0 0 0 0 0 0 0 0 0
0 0 0 0 0 0 0 0 0 0 0 0 0 0 0 0 0 0 0 0 0 0 0 0 0 0 0
0 0 0 0 0 0 0 0 0 0 0 0 0 0 0 0 0 0 0 0 0 0 0 0 0 0 0
0 0 0 0 0 0 0 0 0 0 0 0 0 0 0 0 0 0 0 0 0 0 0 0 0 0 0
0 0 0 0 0 0 0 0 0 0 0 0 0 0 0 0 0 0 0 0 0 0 0 0 0 0 0
0 0 0 0 0 0 0 0 0 0 0 0 0 0 0 0 0 0 0 0 0 0 0 0 0 0 0
0 0 0 0 0 0 0 0 0 0 0 0 0 0 0 0 0 0 0 0 0 0 0 0 0 0 0
0 0 0 0 0 0 0 0 0 0 0 0 0 0 0 0 0 0 0 0 0 0 0 0 0 0 0
0 0 0 0 0 0 0 0 0 0 0 0 0 0 0 0 0 0 0 0 0 0 0 0 0 0 0
26 28
1 1 1 5 13 42 11 39 16 42 7 40 18 40 1 1 2 3 7 55 15 58 2 56 1 1 3 4 13 50 16 52 14 47 17 57 1 1 4 5 8 43 1 42 9 41 15 45 11 42 2 1 5 2 20 41 12 42 1 6 2 20 66 7 63 1 1 7 5 13 35 6 34 7 37 5 37 10 40 1 1 8 2 14 68 10 63 1 1 9 3 20 39 2 42 17 37 1 1 10 5 1 31 10 34 11 30 14 35 19 26 1 1 11 4 5 34 6 37 17 34 16 30 1 1 12 3 3 38 19 36 5 35 1 1 13 5 1 53 4 50 5 53 17 52 18 52 1 1 14 4 15 46 6 47 17 46 13 49 1 1 15 3 11 71 5 72 15 72 1 1 16 3 4 55 17 58 13 57 1 1 17 2 6 44 10 41 2 1 18 2 13 37 18 32 1 19 5 3 57 16 57 19 53 12 55 10 62 1 1 20 2 5 34 14 39 1 1 21 4 3 51 19 57 15 50 18 53 1 1 22 4 8 61 5 62 4 64 13 63 1 1 23 2 18 46 15 45 1 1 24 4 9 43 13 45 18 44 8 46 1 1 25 2 18 64 9 66 1 1 26 5 9 61 14 61 18 59 16 62 15 62 1 1 27 4 6 52 16 55 14 50 3 51 1 1 28 2 16 31 9 33
0 0 0 0 0 0 0 0 0 0 0 0 0 0 0 0 0 0 0 0 0 0 0 0 0 0
0 0 0 0 0 0 0 0 0 0 0 0 0 0 0 0 0 0 0 0 0 0 0 0 0 0
0 0 0 0 0 0 0 0 0 0 0 0 0 0 0 0 0 0 0 0 0 0 0 0 0 0
0 0 0 0 0 0 0 0 0 0 0 0 0 0 0 0 0 0 0 0 0 0 0 0 0 0
0 0 0 0 0 0 0 0 0 0 0 0 0 0 0 0 0 0 0 0 0 0 0 0 0 0
0 0 0 0 0 0 0 0 0 0 0 0 0 0 0 0 0 0 0 0 0 0 0 0 0 0
0 0 0 0 0 0 0 0 0 0 0 0 0 0 0 0 0 0 0 0 0 0 0 0 0 0
0 0 0 0 0 0 0 0 0 0 0 0 0 0 0 0 0 0 0 0 0 0 0 0 0 0
0 0 0 0 0 0 0 0 0 0 0 0 0 0 0 0 0 0 0 0 0 0 0 0 0 0
0 0 0 0 0 0 0 0 0 0 0 0 0 0 0 0 0 0 0 0 0 0 0 0 0 0
0 0 0 0 0 0 0 0 0 0 0 0 0 0 0 0 0 0 0 0 0 0 0 0 0 0
0 0 0 0 0 0 0 0 0 0 0 0 0 0 0 0 0 0 0 0 0 0 0 0 0 0
0 0 0 0 0 0 0 0 0 0 0 0 0 0 0 0 0 0 0 0 0 0 0 0 0 0
0 0 0 0 0 0 0 0 0 0 0 0 0 0 0 0 0 0 0 0 0 0 0 0 0 0
0 0 0 0 0 0 0 0 0 0 0 0 0 0 0 0 0 0 0 0 0 0 0 0 0 0
0 0 0 0 0 0 0 0 0 0 0 0 0 0 0 0 0 0 0 0 0 0 0 0 0 0
0 0 0 0 0 0 0 0 0 0 0 0 0 0 0 0 0 0 0 0 0 0 0 0 0 0
0 0 0 0 0 0 0 0 0 0 0 0 0 0 0 0 0 0 0 0 0 0 0 0 0 0
0 0 0 0 0 0 0 0 0 0 0 0 0 0 0 0 0 0 0 0 0 0 0 0 0 0
0 0 0 0 0 0 0 0 0 0 0 0 0 0 0 0 0 0 0 0 0 0 0 0 0 0
0 0 0 0 0 0 0 0 0 0 0 0 0 0 0 0 0 0 0 0 0 0 0 0 0 0
0 0 0 0 0 0 0 0 0 0 0 0 0 0 0 0 0 0 0 0 0 0 0 0 0 0
0 0 0 0 0 0 0 0 0 0 0 0 0 0 0 0 0 0 0 0 0 0 0 0 0 0
0 0 0 0 0 0 0 0 0 0 0 0 0 0 0 0 0 0 0 0 0 0 0 0 0 0
0 0 0 0 0 0 0 0 0 0 0 0 0 0 0 0 0 0 0 0 0 0 0 0 0 0
0 0 0 0 0 0 0 0 0 0 0 0 0 0 0 0 0 0 0 0 0 0 0 0 0 0
20 22
1 1 1 4 4 72 8 75 20 73 2 69 2 1 2 4 10 34 9 28 7 29 2 31 1 3 4 14 42 13 38 1 42 18 43 2 1 4 5 7 63 10 65 8 65 4 60 14 63 1 5 4 18 61 8 65 11 61 10 67 1 1 6 4 13 53 8 57 14 58 11 51 1 1 7 4 7 44 12 44 20 42 18 46 1 1 8 2 10 78 2 80 1 1 9 2 9 42 1 46 1 1 10 3 17 51 7 49 4 48 1 1 11 3 14 37 15 43 7 41 1 1 12 2 8 55 1 50 1 1 13 5 1 63 2 64 16 61 10 66 15 63 1 1 14 2 7 40 4 45 1 1 15 5 1 53 17 52 10 53 9 50 12 49 1 1 16 2 11 79 16 81 1 1 17 4 9 75 6 78 17 74 1 77 1 1 18 3 10 40 9 31 17 34 1 1 19 5 19 70 7 71 10 76 9 71 20 69 1 1 20 2 19 68 7 68 1 1 21 4 1 59 6 57 8 57 10 60 1 1 22 4 6 67 1 65 15 69 4 71
0 0 0 0 0 0 0 0 0 0 0 0 0 0 0 0 0 0 0 0
0 0 0 0 0 0 0 0 0 0 0 0 0 0 0 0 0 0 0 0
0 0 0 0 0 0 0 0 0 0 0 0 0 0 0 0 0 0 0 0
0 0 0 0 0 0 0 0 0 0 0 0 0 0 0 0 0 0 0 0
0 0 0 0 0 0 0 0 0 0 0 0 0 0 0 0 0 0 0 0
0 0 0 0 0 0 0 0 0 0 0 0 0 0 0 0 0 0 0 0
0 0 0 0 0 0 0 0 0 0 0 0 0 0 0 0 0 0 0 0
0 0 0 0 0 0 0 0 0 0 0 0 0 0 0 0 0 0 0 0
0 0 0 0 0 0 0 0 0 0 0 0 0 0 0 0 0 0 0 0
0 0 0 0 0 0 0 0 0 0 0 0 0 0 0 0 0 0 0 0
0 0 0 0 0 0 0 0 0 0 0 0 0 0 0 0 0 0 0 0
0 0 0 0 0 0 0 0 0 0 0 0 0 0 0 0 0 0 0 0
0 0 0 0 0 0 0 0 0 0 0 0 0 0 0 0 0 0 0 0
0 0 0 0 0 0 0 0 0 0 0 0 0 0 0 0 0 0 0 0
0 0 0 0 0 0 0 0 0 0 0 0 0 0 0 0 0 0 0 0
0 0 0 0 0 0 0 0 0 0 0 0 0 0 0 0 0 0 0 0
0 0 0 0 0 0 0 0 0 0 0 0 0 0 0 0 0 0 0 0
0 0 0 0 0 0 0 0 0 0 0 0 0 0 0 0 0 0 0 0
0 0 0 0 0 0 0 0 0 0 0 0 0 0 0 0 0 0 0 0
0 0 0 0 0 0 0 0 0 0 0 0 0 0 0 0 0 0 0 0
22 24
1 1 1 3 2 80 15 81 4 82 1 1 2 3 20 57 12 55 7 60 1 1 3 3 6 44 5 43 3 40 1 1 4 3 12 46 6 49 5 53 2 1 5 2 10 75 19 79 1 6 5 14 40 18 34 1 43 7 43 5 40 1 1 7 4 5 44 17 38 12 47 15 41 2 1 8 3 15 53 13 51 7 53 1 9 5 9 38 20 35 10 33 16 35 13 32 1 1 10 2 10 75 6 81 1 1 11 3 7 74 15 71 13 75 1 1 12 4 6 80 10 79 17 81 1 83 1 1 13 4 13 56 20 57 18 58 3 56 1 1 14 4 3 48 11 44 15 52 1 51 1 1 15 5 2 70 7 65 1 70 14 72 20 68 1 1 16 2 13 68 4 72 1 1 17 2 11 31 8 27 1 1 18 2 6 71 18 75 1 1 19 2 20 68 11 71 1 1 20 3 14 38 1 33 6 36 1 1 21 2 5 76 1 78 1 1 22 2 14 63 7 60 1 1 23 3 5 35 15 31 3 40 1 1 24 4 1 33 2 35 13 33 17 36
0 0 0 0 0 0 0 0 0 0 0 0 0 0 0 0 0 0 0 0 0 0
0 0 0 0 0 0 0 0 0 0 0 0 0 0 0 0 0 0 0 0 0 0
0 0 0 0 0 0 0 0 0 0 0 0 0 0 0 0 0 0 0 0 0 0
0 0 0 0 0 0 0 0 0 0 0 0 0 0 0 0 0 0 0 0 0 0
0 0 0 0 0 0 0 0 0 0 0 0 0 0 0 0 0 0 0 0 0 0
0 0 0 0 0 0 0 0 0 0 0 0 0 0 0 0 0 0 0 0 0 0
0 0 0 0 0 0 0 0 0 0 0 0 0 0 0 0 0 0 0 0 0 0
0 0 0 0 0 0 0 0 0 0 0 0 0 0 0 0 0 0 0 0 0 0
0 0 0 0 0 0 0 0 0 0 0 0 0 0 0 0 0 0 0 0 0 0
0 0 0 0 0 0 0 0 0 0 0 0 0 0 0 0 0 0 0 0 0 0
0 0 0 0 0 0 0 0 0 0 0 0 0 0 0 0 0 0 0 0 0 0
0 0 0 0 0 0 0 0 0 0 0 0 0 0 0 0 0 0 0 0 0 0
0 0 0 0 0 0 0 0 0 0 0 0 0 0 0 0 0 0 0 0 0 0
0 0 0 0 0 0 0 0 0 0 0 0 0 0 0 0 0 0 0 0 0 0
0 0 0 0 0 0 0 0 0 0 0 0 0 0 0 0 0 0 0 0 0 0
0 0 0 0 0 0 0 0 0 0 0 0 0 0 0 0 0 0 0 0 0 0
0 0 0 0 0 0 0 0 0 0 0 0 0 0 0 0 0 0 0 0 0 0
0 0 0 0 0 0 0 0 0 0 0 0 0 0 0 0 0 0 0 0 0 0
0 0 0 0 0 0 0 0 0 0 0 0 0 0 0 0 0 0 0 0 0 0
0 0 0 0 0 0 0 0 0 0 0 0 0 0 0 0 0 0 0 0 0 0
0 0 0 0 0 0 0 0 0 0 0 0 0 0 0 0 0 0 0 0 0 0
0 0 0 0 0 0 0 0 0 0 0 0 0 0 0 0 0 0 0 0 0 0
18 20
1 1 1 3 18 59 1 61 5 62 1 1 2 4 10 50 8 50 16 51 3 46 1 1 3 4 5 79 18 82 6 78 8 79 1 1 4 5 13 76 4 73 1 72 15 81 2 80 1 1 5 4 6 38 17 41 4 38 7 39 1 1 6 2 9 35 5 38 1 1 7 2 9 47 10 50 1 1 8 3 19 79 8 82 11 81 1 1 9 3 8 50 12 50 17 52 2 1 10 4 5 80 7 83 16 77 18 79 1 11 2 12 54 3 55 1 1 12 2 3 44 4 46 1 1 13 4 16 32 5 27 12 34 13 31 1 1 14 5 7 58 16 63 18 62 17 62 12 56 1 1 15 3 4 79 7 76 15 85 1 1 16 4 9 36 18 36 13 41 5 33 1 1 17 2 14 39 5 38 1 1 18 3 13 43 17 47 2 40 2 1 19 4 12 57 16 57 3 56 4 59 1 20 2 2 62 7 59
0 0 0 0 0 0 0 0 0 0 0 0 0 0 0 0 0 0
0 0 0 0 0 0 0 0 0 0 0 0 0 0 0 0 0 0
0 0 0 0 0 0 0 0 0 0 0 0 0 0 0 0 0 0
0 0 0 0 0 0 0 0 0 0 0 0 0 0 0 0 0 0
0 0 0 0 0 0 0 0 0 0 0 0 0 0 0 0 0 0
0 0 0 0 0 0 0 0 0 0 0 0 0 0 0 0 0 0
0 0 0 0 0 0 0 0 0 0 0 0 0 0 0 0 0 0
0 0 0 0 0 0 0 0 0 0 0 0 0 0 0 0 0 0
0 0 0 0 0 0 0 0 0 0 0 0 0 0 0 0 0 0
0 0 0 0 0 0 0 0 0 0 0 0 0 0 0 0 0 0
0 0 0 0 0 0 0 0 0 0 0 0 0 0 0 0 0 0
0 0 0 0 0 0 0 0 0 0 0 0 0 0 0 0 0 0
0 0 0 0 0 0 0 0 0 0 0 0 0 0 0 0 0 0
0 0 0 0 0 0 0 0 0 0 0 0 0 0 0 0 0 0
0 0 0 0 0 0 0 0 0 0 0 0 0 0 0 0 0 0
0 0 0 0 0 0 0 0 0 0 0 0 0 0 0 0 0 0
0 0 0 0 0 0 0 0 0 0 0 0 0 0 0 0 0 0
0 0 0 0 0 0 0 0 0 0 0 0 0 0 0 0 0 0
18 21
1 1 1 3 4 50 18 48 10 46 2 1 2 3 14 68 4 73 7 68 1 3 4 8 39 17 42 1 43 19 34 2 1 4 3 13 78 12 78 18 74 1 5 3 19 56 2 61 14 59 2 1 6 5 10 31 6 31 17 28 3 33 1 28 1 7 2 13 64 4 64 1 1 8 5 4 71 6 68 15 75 7 75 13 69 1 1 9 2 9 49 19 49 1 1 10 5 2 73 17 76 18 72 1 76 11 70 1 1 11 5 3 39 15 41 8 39 17 42 16 44 1 1 12 4 9 44 10 44 17 38 15 41 1 1 13 2 10 61 19 65 1 1 14 4 4 60 16 61 17 66 9 62 1 1 15 2 9 46 2 41 1 1 16 2 1 75 14 70 1 1 17 3 3 67 20 72 5 73 1 1 18 4 11 40 4 46 16 36 7 42 1 1 19 2 20 75 14 74 1 1 20 2 4 53 14 57 1 1 21 2 9 57 17 53
0 0 0 0 0 0 0 0 0 0 0 0 0 0 0 0 0 0
0 0 0 0 0 0 0 0 0 0 0 0 0 0 0 0 0 0
0 0 0 0 0 0 0 0 0 0 0 0 0 0 0 0 0 0
0 0 0 0 0 0 0 0 0 0 0 0 0 0 0 0 0 0
0 0 0 0 0 0 0 0 0 0 0 0 0 0 0 0 0 0
0 0 0 0 0 0 0 0 0 0 0 0 0 0 0 0 0 0
0 0 0 0 0 0 0 0 0 0 0 0 0 0 0 0 0 0
0 0 0 0 0 0 0 0 0 0 0 0 0 0 0 0 0 0
0 0 0 0 0 0 0 0 0 0 0 0 0 0 0 0 0 0
0 0 0 0 0 0 0 0 0 0 0 0 0 0 0 0 0 0
0 0 0 0 0 0 0 0 0 0 0 0 0 0 0 0 0 0
0 0 0 0 0 0 0 0 0 0 0 0 0 0 0 0 0 0
0 0 0 0 0 0 0 0 0 0 0 0 0 0 0 0 0 0
0 0 0 0 0 0 0 0 0 0 0 0 0 0 0 0 0 0
0 0 0 0 0 0 0 0 0 0 0 0 0 0 0 0 0 0
0 0 0 0 0 0 0 0 0 0 0 0 0 0 0 0 0 0
0 0 0 0 0 0 0 0 0 0 0 0 0 0 0 0 0 0
0 0 0 0 0 0 0 0 0 0 0 0 0 0 0 0 0 0
27 29
2 1 1 3 16 72 15 77 9 67 1 2 4 16 58 19 63 2 57 17 61 1 1 3 5 18 38 10 42 9 36 1 36 7 39 1 1 4 4 3 79 1 83 8 80 6 76 1 1 5 4 7 69 13 67 12 67 2 65 1 1 6 4 5 63 14 58 15 64 18 65 1 1 7 2 1 44 9 43 1 1 8 5 15 62 14 60 10 67 9 63 2 58 1 1 9 2 19 70 6 71 1 1 10 4 17 48 15 47 3 44 14 42 1 1 11 4 9 31 20 27 16 28 3 28 1 1 12 2 5 70 6 67 1 1 13 2 6 68 4 74 2 1 14 2 4 65 9 66 1 15 3 2 75 20 80 14 74 1 1 16 4 10 39 13 38 5 37 4 35 1 1 17 2 19 51 2 55 1 1 18 5 4 78 6 76 11 80 7 82 15 83 1 1 19 4 19 45 1 40 5 45 6 47 1 1 20 3 6 66 2 67 4 62 1 1 21 4 3 41 13 43 20 43 9 40 1 1 22 4 5 60 7 55 12 65 11 58 1 1 23 5 19 60 20 62 7 57 13 58 10 61 1 1 24 3 2 42 8 39 14 43 1 1 25 2 13 80 1 80 1 1 26 2 13 75 15 76 1 1 27 2 18 57 7 61 1 1 28 2 3 53 13 57 1 1 29 3 16 77 8 79 10 75
0 0 0 0 0 0 0 0 0 0 0 0 0 0 0 0 0 0 0 0 0 0 0 0 0 0 0
0 0 0 0 0 0 0 0 0 0 0 0 0 0 0 0 0 0 0 0 0 0 0 0 0 0 0
0 0 0 0 0 0 0 0 0 0 0 0 0 0 0 0 0 0 0 0 0 0 0 0 0 0 0
0 0 0 0 0 0 0 0 0 0 0 0 0 0 0 0 0 0 0 0 0 0 0 0 0 0 0
0 0 0 0 0 0 0 0 0 0 0 0 0 0 0 0 0 0 0 0 0 0 0 0 0 0 0
0 0 0 0 0 0 0 0 0 0 0 0 0 0 0 0 0 0 0 0 0 0 0 0 0 0 0
0 0 0 0 0 0 0 0 0 0 0 0 0 0 0 0 0 0 0 0 0 0 0 0 0 0 0
0 0 0 0 0 0 0 0 0 0 0 0 0 0 0 0 0 0 0 0 0 0 0 0 0 0 0
0 0 0 0 0 0 0 0 0 0 0 0 0 0 0 0 0 0 0 0 0 0 0 0 0 0 0
0 0 0 0 0 0 0 0 0 0 0 0 0 0 0 0 0 0 0 0 0 0 0 0 0 0 0
0 0 0 0 0 0 0 0 0 0 0 0 0 0 0 0 0 0 0 0 0 0 0 0 0 0 0
0 0 0 0 0 0 0 0 0 0 0 0 0 0 0 0 0 0 0 0 0 0 0 0 0 0 0
0 0 0 0 0 0 0 0 0 0 0 0 0 0 0 0 0 0 0 0 0 0 0 0 0 0 0
0 0 0 0 0 0 0 0 0 0 0 0 0 0 0 0 0 0 0 0 0 0 0 0 0 0 0
0 0 0 0 0 0 0 0 0 0 0 0 0 0 0 0 0 0 0 0 0 0 0 0 0 0 0
0 0 0 0 0 0 0 0 0 0 0 0 0 0 0 0 0 0 0 0 0 0 0 0 0 0 0
0 0 0 0 0 0 0 0 0 0 0 0 0 0 0 0 0 0 0 0 0 0 0 0 0 0 0
0 0 0 0 0 0 0 0 0 0 0 0 0 0 0 0 0 0 0 0 0 0 0 0 0 0 0
0 0 0 0 0 0 0 0 0 0 0 0 0 0 0 0 0 0 0 0 0 0 0 0 0 0 0
0 0 0 0 0 0 0 0 0 0 0 0 0 0 0 0 0 0 0 0 0 0 0 0 0 0 0
0 0 0 0 0 0 0 0 0 0 0 0 0 0 0 0 0 0 0 0 0 0 0 0 0 0 0
0 0 0 0 0 0 0 0 0 0 0 0 0 0 0 0 0 0 0 0 0 0 0 0 0 0 0
0 0 0 0 0 0 0 0 0 0 0 0 0 0 0 0 0 0 0 0 0 0 0 0 0 0 0
0 0 0 0 0 0 0 0 0 0 0 0 0 0 0 0 0 0 0 0 0 0 0 0 0 0 0
0 0 0 0 0 0 0 0 0 0 0 0 0 0 0 0 0 0 0 0 0 0 0 0 0 0 0
0 0 0 0 0 0 0 0 0 0 0 0 0 0 0 0 0 0 0 0 0 0 0 0 0 0 0
0 0 0 0 0 0 0 0 0 0 0 0 0 0 0 0 0 0 0 0 0 0 0 0 0 0 0
24 26
1 1 1 3 12 41 18 40 2 39 1 1 2 2 19 47 3 49 1 1 3 2 16 75 2 81 1 1 4 5 9 46 6 48 16 43 11 47 19 51 1 1 5 2 3 49 7 48 2 1 6 2 12 48 14 43 1 7 4 18 49 8 46 19 47 12 49 1 1 8 2 8 46 15 50 1 1 9 4 13 43 10 41 1 39 19 46 1 1 10 4 9 42 17 47 13 44 10 44 1 1 11 4 1 48 16 48 14 48 6 53 1 1 12 5 19 47 6 49 9 46 1 50 8 43 2 1 13 4 16 42 19 36 13 39 14 41 1 14 5 5 34 9 28 3 31 10 33 11 34 1 1 15 4 18 41 6 37 4 38 3 44 1 1 16 3 9 63 10 62 5 64 1 1 17 3 18 62 13 66 7 67 1 1 18 2 11 34 14 40 1 1 19 3 10 70 15 65 6 68 1 1 20 3 10 80 8 81 12 77 1 1 21 3 2 69 19 80 16 76 1 1 22 3 4 32 13 35 1 32 1 1 23 4 15 32 8 28 13 33 14 32 1 1 24 3 3 54 5 55 15 52 1 1 25 4 12 42 17 41 15 46 7 39 1 1 26 4 18 41 20 40 7 45 17 44
0 0 0 0 0 0 0 0 0 0 0 0 0 0 0 0 0 0 0 0 0 0 0 0
0 0 0 0 0 0 0 0 0 0 0 0 0 0 0 0 0 0 0 0 0 0 0 0
0 0 0 0 0 0 0 0 0 0 0 0 0 0 0 0 0 0 0 0 0 0 0 0
0 0 0 0 0 0 0 0 0 0 0 0 0 0 0 0 0 0 0 0 0 0 0 0
0 0 0 0 0 0 0 0 0 0 0 0 0 0 0 0 0 0 0 0 0 0 0 0
0 0 0 0 0 0 0 0 0 0 0 0 0 0 0 0 0 0 0 0 0 0 0 0
0 0 0 0 0 0 0 0 0 0 0 0 0 0 0 0 0 0 0 0 0 0 0 0
0 0 0 0 0 0 0 0 0 0 0 0 0 0 0 0 0 0 0 0 0 0 0 0
0 0 0 0 0 0 0 0 0 0 0 0 0 0 0 0 0 0 0 0 0 0 0 0
0 0 0 0 0 0 0 0 0 0 0 0 0 0 0 0 0 0 0 0 0 0 0 0
0 0 0 0 0 0 0 0 0 0 0 0 0 0 0 0 0 0 0 0 0 0 0 0
0 0 0 0 0 0 0 0 0 0 0 0 0 0 0 0 0 0 0 0 0 0 0 0
0 0 0 0 0 0 0 0 0 0 0 0 0 0 0 0 0 0 0 0 0 0 0 0
0 0 0 0 0 0 0 0 0 0 0 0 0 0 0 0 0 0 0 0 0 0 0 0
0 0 0 0 0 0 0 0 0 0 0 0 0 0 0 0 0 0 0 0 0 0 0 0
0 0 0 0 0 0 0 0 0 0 0 0 0 0 0 0 0 0 0 0 0 0 0 0
0 0 0 0 0 0 0 0 0 0 0 0 0 0 0 0 0 0 0 0 0 0 0 0
0 0 0 0 0 0 0 0 0 0 0 0 0 0 0 0 0 0 0 0 0 0 0 0
0 0 0 0 0 0 0 0 0 0 0 0 0 0 0 0 0 0 0 0 0 0 0 0
0 0 0 0 0 0 0 0 0 0 0 0 0 0 0 0 0 0 0 0 0 0 0 0
0 0 0 0 0 0 0 0 0 0 0 0 0 0 0 0 0 0 0 0 0 0 0 0
0 0 0 0 0 0 0 0 0 0 0 0 0 0 0 0 0 0 0 0 0 0 0 0
0 0 0 0 0 0 0 0 0 0 0 0 0 0 0 0 0 0 0 0 0 0 0 0
0 0 0 0 0 0 0 0 0 0 0 0 0 0 0 0 0 0 0 0 0 0 0 0
18 21
2 1 1 4 5 44 4 45 6 41 10 48 1 2 5 11 45 14 42 15 46 13 51 8 42 1 1 3 3 11 41 17 39 9 42 1 1 4 2 14 36 13 39 1 1 5 4 6 64 3 64 7 62 12 59 1 1 6 4 3 40 12 37 17 37 4 39 1 1 7 5 4 36 20 35 14 33 18 33 17 32 1 1 8 4 1 52 12 53 16 57 13 52 1 1 9 3 13 30 12 32 15 33 2 1 10 2 4 34 14 35 1 11 4 13 45 19 41 1 46 17 48 1 1 12 3 5 72 20 74 16 73 1 1 13 3 12 38 10 42 9 42 1 1 14 5 11 64 10 65 8 68 15 68 16 65 1 1 15 5 15 38 5 38 6 38 8 39 10 37 1 1 16 4 12 38 18 37 6 37 7 37 1 1 17 2 12 67 6 68 2 1 18 5 6 64 5 60 16 62 3 66 14 65 1 19 5 11 65 9 67 8 68 1 65 5 68 1 1 20 2 4 45 10 47 1 1 21 3 12 53 2 47 15 50
0 0 0 0 0 0 0 0 0 0 0 0 0 0 0 0 0 0
0 0 0 0 0 0 0 0 0 0 0 0 0 0 0 0 0 0
0 0 0 0 0 0 0 0 0 0 0 0 0 0 0 0 0 0
0 0 0 0 0 0 0 0 0 0 0 0 0 0 0 0 0 0
0 0 0 0 0 0 0 0 0 0 0 0 0 0 0 0 0 0
0 0 0 0 0 0 0 0 0 0 0 0 0 0 0 0 0 0
0 0 0 0 0 0 0 0 0 0 0 0 0 0 0 0 0 0
0 0 0 0 0 0 0 0 0 0 0 0 0 0 0 0 0 0
0 0 0 0 0 0 0 0 0 0 0 0 0 0 0 0 0 0
0 0 0 0 0 0 0 0 0 0 0 0 0 0 0 0 0 0
0 0 0 0 0 0 0 0 0 0 0 0 0 0 0 0 0 0
0 0 0 0 0 0 0 0 0 0 0 0 0 0 0 0 0 0
0 0 0 0 0 0 0 0 0 0 0 0 0 0 0 0 0 0
0 0 0 0 0 0 0 0 0 0 0 0 0 0 0 0 0 0
0 0 0 0 0 0 0 0 0 0 0 0 0 0 0 0 0 0
0 0 0 0 0 0 0 0 0 0 0 0 0 0 0 0 0 0
0 0 0 0 0 0 0 0 0 0 0 0 0 0 0 0 0 0
0 0 0 0 0 0 0 0 0 0 0 0 0 0 0 0 0 0
23 26
1 1 1 2 11 72 12 69 1 1 2 2 13 64 17 60 1 1 3 3 10 76 7 73 14 79 1 1 4 5 7 64 15 61 8 64 10 70 3 65 1 1 5 2 13 44 9 42 1 1 6 3 13 48 5 49 1 46 1 1 7 3 15 52 6 47 9 56 1 1 8 3 9 53 13 49 5 49 1 1 9 2 2 73 6 75 1 1 10 4 15 32 10 35 13 29 11 29 1 1 11 3 7 55 14 52 19 56 1 1 12 2 14 49 10 45 2 1 13 4 19 60 14 58 1 63 13 58 1 14 4 12 66 13 61 9 64 16 64 1 1 15 5 1 54 16 59 20 54 12 57 14 56 1 1 16 4 4 54 18 58 14 49 16 49 1 1 17 2 1 41 3 38 1 1 18 3 2 38 19 33 15 33 1 1 19 5 3 78 15 79 2 74 7 76 16 82 2 1 20 5 2 53 17 50 12 54 5 49 11 51 1 21 2 12 50 13 50 2 1 22 5 9 73 20 71 14 71 8 76 7 67 1 23 2 8 64 18 62 1 1 24 3 13 79 10 75 15 79 1 1 25 5 15 64 8 66 4 64 19 66 2 64 1 1 26 2 14 64 19 63
0 0 0 0 0 0 0 0 0 0 0 0 0 0 0 0 0 0 0 0 0 0 0
0 0 0 0 0 0 0 0 0 0 0 0 0 0 0 0 0 0 0 0 0 0 0
0 0 0 0 0 0 0 0 0 0 0 0 0 0 0 0 0 0 0 0 0 0 0
0 0 0 0 0 0 0 0 0 0 0 0 0 0 0 0 0 0 0 0 0 0 0
0 0 0 0 0 0 0 0 0 0 0 0 0 0 0 0 0 0 0 0 0 0 0
0 0 0 0 0 0 0 0 0 0 0 0 0 0 0 0 0 0 0 0 0 0 0
0 0 0 0 0 0 0 0 0 0 0 0 0 0 0 0 0 0 0 0 0 0 0
0 0 0 0 0 0 0 0 0 0 0 0 0 0 0 0 0 0 0 0 0 0 0
0 0 0 0 0 0 0 0 0 0 0 0 0 0 0 0 0 0 0 0 0 0 0
0 0 0 0 0 0 0 0 0 0 0 0 0 0 0 0 0 0 0 0 0 0 0
0 0 0 0 0 0 0 0 0 0 0 0 0 0 0 0 0 0 0 0 0 0 0
0 0 0 0 0 0 0 0 0 0 0 0 0 0 0 0 0 0 0 0 0 0 0
0 0 0 0 0 0 0 0 0 0 0 0 0 0 0 0 0 0 0 0 0 0 0
0 0 0 0 0 0 0 0 0 0 0 0 0 0 0 0 0 0 0 0 0 0 0
0 0 0 0 0 0 0 0 0 0 0 0 0 0 0 0 0 0 0 0 0 0 0
0 0 0 0 0 0 0 0 0 0 0 0 0 0 0 0 0 0 0 0 0 0 0
0 0 0 0 0 0 0 0 0 0 0 0 0 0 0 0 0 0 0 0 0 0 0
0 0 0 0 0 0 0 0 0 0 0 0 0 0 0 0 0 0 0 0 0 0 0
0 0 0 0 0 0 0 0 0 0 0 0 0 0 0 0 0 0 0 0 0 0 0
0 0 0 0 0 0 0 0 0 0 0 0 0 0 0 0 0 0 0 0 0 0 0
0 0 0 0 0 0 0 0 0 0 0 0 0 0 0 0 0 0 0 0 0 0 0
0 0 0 0 0 0 0 0 0 0 0 0 0 0 0 0 0 0 0 0 0 0 0
0 0 0 0 0 0 0 0 0 0 0 0 0 0 0 0 0 0 0 0 0 0 0
19 22
2 1 1 3 6 41 10 46 5 44 1 2 3 4 55 20 47 3 51 1 1 3 2 4 70 14 69 1 1 4 1 8 63 2 1 5 4 8 46 19 45 20 47 10 49 1 6 2 8 44 3 50 1 1 7 3 8 61 4 62 6 62 1 1 8 4 10 75 9 74 19 73 7 69 2 1 9 3 5 54 19 52 17 49 1 10 3 17 80 8 82 18 79 1 1 11 5 10 45 11 46 17 51 5 45 6 46 1 1 12 4 17 50 20 51 12 46 8 54 1 1 13 3 17 31 10 35 9 30 1 1 14 2 8 59 3 53 1 1 15 3 5 70 3 76 4 65 1 1 16 4 2 41 1 44 8 40 20 47 1 1 17 3 10 31 18 31 2 31 1 1 18 2 14 64 17 61 1 1 19 4 5 74 2 78 1 74 16 73 1 1 20 4 13 75 18 79 7 69 9 71 1 1 21 3 19 42 11 40 8 44 1 1 22 2 17 62 2 60
0 0 0 0 0 0 0 0 0 0 0 0 0 0 0 0 0 0 0
0 0 0 0 0 0 0 0 0 0 0 0 0 0 0 0 0 0 0
0 0 0 0 0 0 0 0 0 0 0 0 0 0 0 0 0 0 0
0 0 0 0 0 0 0 0 0 0 0 0 0 0 0 0 0 0 0
0 0 0 0 0 0 0 0 0 0 0 0 0 0 0 0 0 0 0
0 0 0 0 0 0 0 0 0 0 0 0 0 0 0 0 0 0 0
0 0 0 0 0 0 0 0 0 0 0 0 0 0 0 0 0 0 0
0 0 0 0 0 0 0 0 0 0 0 0 0 0 0 0 0 0 0
0 0 0 0 0 0 0 0 0 0 0 0 0 0 0 0 0 0 0
0 0 0 0 0 0 0 0 0 0 0 0 0 0 0 0 0 0 0
0 0 0 0 0 0 0 0 0 0 0 0 0 0 0 0 0 0 0
0 0 0 0 0 0 0 0 0 0 0 0 0 0 0 0 0 0 0
0 0 0 0 0 0 0 0 0 0 0 0 0 0 0 0 0 0 0
0 0 0 0 0 0 0 0 0 0 0 0 0 0 0 0 0 0 0
0 0 0 0 0 0 0 0 0 0 0 0 0 0 0 0 0 0 0
0 0 0 0 0 0 0 0 0 0 0 0 0 0 0 0 0 0 0
0 0 0 0 0 0 0 0 0 0 0 0 0 0 0 0 0 0 0
0 0 0 0 0 0 0 0 0 0 0 0 0 0 0 0 0 0 0
0 0 0 0 0 0 0 0 0 0 0 0 0 0 0 0 0 0 0
17 20
1 1 1 4 12 40 13 46 14 40 19 35 1 1 2 2 20 44 5 45 1 1 3 5 17 74 9 74 7 71 15 68 19 70 2 1 4 4 3 33 20 34 7 37 16 37 1 5 5 14 46 11 45 15 49 6 44 16 50 1 1 6 2 1 47 12 50 1 1 7 3 17 45 20 46 12 40 1 1 8 3 7 66 11 63 12 63 1 1 9 5 14 52 9 50 7 54 5 56 10 53 1 1 10 4 7 79 13 81 1 77 2 77 1 1 11 4 14 41 3 42 11 41 1 37 1 1 12 3 7 74 9 75 12 75 1 1 13 3 3 37 10 31 7 35 2 1 14 2 2 41 8 48 1 15 4 1 56 18 54 20 55 6 59 1 1 16 1 7 77 1 1 17 2 11 46 1 44 1 1 18 5 3 33 19 35 12 36 10 29 8 30 2 1 19 2 10 42 3 41 1 20 3 7 55 16 54 15 54
0 0 0 0 0 0 0 0 0 0 0 0 0 0 0 0 0
0 0 0 0 0 0 0 0 0 0 0 0 0 0 0 0 0
0 0 0 0 0 0 0 0 0 0 0 0 0 0 0 0 0
0 0 0 0 0 0 0 0 0 0 0 0 0 0 0 0 0
0 0 0 0 0 0 0 0 0 0 0 0 0 0 0 0 0
0 0 0 0 0 0 0 0 0 0 0 0 0 0 0 0 0
0 0 0 0 0 0 0 0 0 0 0 0 0 0 0 0 0
0 0 0 0 0 0 0 0 0 0 0 0 0 0 0 0 0
0 0 0 0 0 0 0 0 0 0 0 0 0 0 0 0 0
0 0 0 0 0 0 0 0 0 0 0 0 0 0 0 0 0
0 0 0 0 0 0 0 0 0 0 0 0 0 0 0 0 0
0 0 0 0 0 0 0 0 0 0 0 0 0 0 0 0 0
0 0 0 0 0 0 0 0 0 0 0 0 0 0 0 0 0
0 0 0 0 0 0 0 0 0 0 0 0 0 0 0 0 0
0 0 0 0 0 0 0 0 0 0 0 0 0 0 0 0 0
0 0 0 0 0 0 0 0 0 0 0 0 0 0 0 0 0
0 0 0 0 0 0 0 0 0 0 0 0 0 0 0 0 0
18 21
2 1 1 2 5 55 19 50 1 2 2 12 54 11 55 1 1 3 4 15 69 1 73 16 66 18 69 1 1 4 4 15 68 14 72 7 67 4 67 1 1 5 3 14 36 2 34 5 33 1 1 6 2 5 34 9 34 1 1 7 1 13 42 1 1 8 2 11 65 6 62 2 1 9 5 15 68 10 65 18 63 13 67 4 66 1 10 2 13 38 5 43 1 1 11 5 3 35 2 33 12 32 16 33 1 35 1 1 12 2 8 65 7 64 2 1 13 2 14 62 12 64 1 14 3 13 39 15 39 12 44 1 1 15 2 13 57 10 55 1 1 16 4 15 40 1 37 3 42 5 44 1 1 17 2 19 34 2 37 1 1 18 2 2 78 15 76 1 1 19 3 20 67 18 70 17 63 1 1 20 1 20 75 1 1 21 4 7 36 10 42 19 37 20 41
0 0 0 0 0 0 0 0 0 0 0 0 0 0 0 0 0 0
0 0 0 0 0 0 0 0 0 0 0 0 0 0 0 0 0 0
0 0 0 0 0 0 0 0 0 0 0 0 0 0 0 0 0 0
0 0 0 0 0 0 0 0 0 0 0 0 0 0 0 0 0 0
0 0 0 0 0 0 0 0 0 0 0 0 0 0 0 0 0 0
0 0 0 0 0 0 0 0 0 0 0 0 0 0 0 0 0 0
0 0 0 0 0 0 0 0 0 0 0 0 0 0 0 0 0 0
0 0 0 0 0 0 0 0 0 0 0 0 0 0 0 0 0 0
0 0 0 0 0 0 0 0 0 0 0 0 0 0 0 0 0 0
0 0 0 0 0 0 0 0 0 0 0 0 0 0 0 0 0 0
0 0 0 0 0 0 0 0 0 0 0 0 0 0 0 0 0 0
0 0 0 0 0 0 0 0 0 0 0 0 0 0 0 0 0 0
0 0 0 0 0 0 0 0 0 0 0 0 0 0 0 0 0 0
0 0 0 0 0 0 0 0 0 0 0 0 0 0 0 0 0 0
0 0 0 0 0 0 0 0 0 0 0 0 0 0 0 0 0 0
0 0 0 0 0 0 0 0 0 0 0 0 0 0 0 0 0 0
0 0 0 0 0 0 0 0 0 0 0 0 0 0 0 0 0 0
0 0 0 0 0 0 0 0 0 0 0 0 0 0 0 0 0 0